0.5043107691100767,3.4918932537823753,2.2988399604467866,-3.0413301297521684,3.628592242370473,-2.8872941251577595,1.084309225088237,-2.8656820757077295,2.068909209375765,4.03354398960742,1.4304302364182562,-2.9595167515452445,2.976734448478232,-1.7193996506965497,-0.8853809817059636,-2.9733221315039717,-2.4338259278497643,-0.4597742215854813,-0.6783626634643147,0.2409083285595569,-0.5905879421336246,0.08137058635957892,0.13671964617230564,-0.20962819989901899,-1.540544942920714,1.5272929053586948,0.37421552611843534,1.4653805209715045,-1.5139822770082516,-3.2560472214521248,0.02387715820433972,-3.2617643150131927,1.0549206820209664,-2.3879803164416784,2.200843888861524,-3.8926362281790237,-1.6246689756292487,1.5248510360249146,-0.7191038560855492
numHidden 	4
numGenes 	39
minGene 	-3.0
maxGene 	3.0
popSize 	100
maxEvaluations 	20000
mutateRate 	0.5
mutateChange 	0.3
seed 	1553600060384
random 	java.util.Random@6576fe71
neuralNetworkClass 	class coursework.OwnEvolutionaryAlgorithm
Training Set Training
Fitness 0.00969538210773739