0.12053227027632576,0.35201778824376484,-0.15344705044472268,0.3813292802505018,-0.13111176572894062,0.6697082230712279,-0.052092206473024615,-0.21262544545922896,-0.16737046450013385,0.25528324199059116,-0.15018821707655128,-0.33933169966586374,-0.06817308008740255,0.36615146415995536,0.03305996672047763,0.174084495499556,-0.033680234224290326,-0.16429785321098084,-0.02184159273603222,-0.08059069398048138,-0.4962532383754333,0.05519334924212208,0.3454127314238962,0.053711502307398656,0.045016304962645276,0.11261352561957717,0.12931950792995417,0.19543367468175946,0.3898711415599705,-0.33211310712202324,0.024111734111720143,-0.10345668851712725,0.6234366254862804,0.1408772257297497,-0.12555757956609523,-0.2758421986969777,0.09862465469157647,0.0957716388396928,-0.4904954591187408,0.15968392129677156,0.08738631558510078,-0.11602665616706867,-0.08283153899926031,-0.10192478581454542,0.3621363082637696,0.76013380247554,0.8432685657414376,0.0828687058931164
numHidden 	5
numGenes 	48
minGene 	-3.0
maxGene 	3.0
popSize 	1000
maxEvaluations 	20000
mutateRate 	0.01
mutateChange 	0.05
seed 	1551705369132
random 	java.util.Random@606068f9
neuralNetworkClass 	class coursework.ExampleEvolutionaryAlgorithm
Training Set Training
Fitness 0.12721389608591485