1.948791788143351,-0.32599963669884213,1.1730041985063497,0.6266046868693771,0.7492164145177187,-0.9397855529557133,-0.7223744687518248,3.1425444803015674,2.5233958163485983,0.6970655605463731,2.066311347026981,1.8962254443728241,2.437049818716897,1.1129415050907223,-2.9923456613432373,2.1227631133352283,1.02985918222505,-2.200904786428235,-1.955406982659129,-0.4918016805909236,-2.4920894585668956,0.34988150633996007,-1.9497837452794449,-2.716820142550201,-2.0668915999020103,0.17190736422864245,-1.9635875009917239,1.1995919500951322,-0.5893336272328181,-1.0775187412798655,-0.8001251125842259,-0.2926492189804687,1.276959564356811,2.7608012507424604,-1.9901093340082807,-0.9096089286279441,0.6286922770192483,-1.0941407740211995,2.6997710250014624,-2.0998391011927584,-2.339491661263221,1.6930924987694176,-2.6813065098164035,-2.258262071880199,2.4418428466781252,1.2073585182974744,-2.366844538873921,-0.4780185689747622
numHidden 	5
numGenes 	48
minGene 	-3.0
maxGene 	3.0
popSize 	40
maxEvaluations 	20000
mutateRate 	0.01
mutateChange 	0.05
seed 	1551700004089
random 	java.util.Random@22986ba0
neuralNetworkClass 	class coursework.ExampleEvolutionaryAlgorithm
Training Set Training
Fitness 0.11137253682101775