-0.8590021849181804,1.8997917900950088,-0.1952597151916115,0.34764887295085667,-2.2531861399508415,1.080804035675635,-1.4615423950148076,2.340423460842308,-2.0511037826647014,1.6649452415945831,0.7503491196836787,2.3462855429228417,-1.5323307755354239,-2.0703919603632888,2.4865792910088205,0.5950769391614569,0.10983555849142028,2.6743663712706383,2.5539003817697257,-1.9633902632492546,0.8626041380414218,1.6150393677029413,-0.12469968871403658,1.6676631248316856,3.015393687119439,-1.05245118008622,-0.45515218258734436,2.969001646264651,1.6390760340153714,2.1072410811938456,-2.254020115205342,-0.18304597944167939,1.5680607945649303,-0.30104533561555114,-0.19353793997805174,-1.822550418187648,2.533255515666702,2.71022357564559,1.8597357808708526,2.871271213150326,2.48416951665489,-2.4053847351269555,2.2163508813883137,1.6176388051873696,-2.533833185423362,2.57431302621538,1.7206678747550321,2.5191024396949544
numHidden 	5
numGenes 	48
minGene 	-3.0
maxGene 	3.0
popSize 	200
maxEvaluations 	20000
mutateRate 	0.01
mutateChange 	0.05
seed 	1551701374042
random 	java.util.Random@7eda2dbb
neuralNetworkClass 	class coursework.ExampleEvolutionaryAlgorithm
Training Set Training
Fitness 0.15375412091985535