-1.430106842088958,2.5209425038527193,1.1653124825468975,-0.3026002739206707,2.1363234926951398,-1.7467045831389447,-0.20588321619361982,1.7082562845870695,0.07997859200593514,2.8207526759388077,-0.08146127107376076,-0.487639149338456,0.3801579742819755,-2.587794643584657,-1.2187925426763722,-0.6532158721937278,0.7949433106240675,1.5768411114018468,0.20415337290021196,-0.47782688167440385,-0.9865684743642229,2.202802404396386,1.3362249790606229,3.1150961495862344,-0.2691104200522352,-1.672768333953506,0.5007891059421243,-2.638332138463776,-2.165342862322058,-0.4064364639741428,-1.147560689650464,0.16264715721752537,2.914800919911179,2.019965362927781,-0.6036345572089574,-0.9230023701198651,-2.422806884195773,-2.9716227977264653,-0.6435458960891924,-0.46480343797382906,1.4878596242137676,-2.3433491430645352,2.948114713452979,1.545377031421688,2.016113994773807,-1.563171497749014,1.1192460458446851,0.04468259239372099
numHidden 	5
numGenes 	48
minGene 	-3.0
maxGene 	3.0
popSize 	40
maxEvaluations 	20000
mutateRate 	0.01
mutateChange 	0.05
seed 	1551701066665
random 	java.util.Random@43595b4c
neuralNetworkClass 	class coursework.ExampleEvolutionaryAlgorithm
Training Set Training
Fitness 0.16292873140221267