-1.7456772585132696,-1.7348816999873042,-2.7771632152094736,-1.3449268676778958,2.4177954259276158,-1.5502683854758883,1.7985242149094107,0.8675192630923776,2.097283051512794,-1.0078512103535846,-3.0388134533735824,1.8856483724775759,-0.582960593960995,0.524293035450043,-0.2598611032126012,1.878095816763599,-1.7295022082542142,-1.9298402362581777,-0.47844841460243775,-3.2751515589094176,-2.1987381410151867,-0.7882484729309798,-0.00868438554876165,1.2279206524155495,2.678349542572824,0.18968127674463542,-1.3329719851730344,-2.1728988409886303,-2.4626416454370776,-0.41772167096612006,-2.7594304418891777,3.044099758503763,-1.394297759764425,-0.8121078401488633,0.5929802960908239,2.3530294107869443,-0.8359423973797102,1.9034487312053998,-2.9289231533084212,-1.6127274764234383,1.0676389312313093,-2.301828406869604,1.180482393374625,-1.4076158851300806,-0.9900919920530238,-2.3752577915339526,1.8024830958268871,1.0717995770457431
numHidden 	5
numGenes 	48
minGene 	-3.0
maxGene 	3.0
popSize 	40
maxEvaluations 	20000
mutateRate 	0.01
mutateChange 	0.05
seed 	1551096141342
random 	java.util.Random@696f0e64
neuralNetworkClass 	class coursework.ExampleHillClimber
Training Set Training
Fitness 0.18744659031861638