2.4310056952683254,-0.8672597903152677,0.6670408211454626,2.0779178093709603,-0.7661307825167138,1.2608328011446623,-1.1004971641387964,0.5207717749053228,1.7716800589520358,0.9027322602800201,-1.9587627190123205,0.3512802536935,-6.08109329171394E-4,-1.3617569163939478,-2.559913248816965,0.4927432242810263,-2.1357592369785237,1.0240688169453913,-2.1453893832825863,-2.865101814067091,-0.5920833825570809,0.7062521493118237,-1.7664039803993978,-1.0932198739988692,-2.6865613904522307,-1.283108382984703,-0.7603926146308893,-0.5391223585656462,-1.1449302432157575,-0.5756903088169063,-0.12606551266828286,-0.6647783697039928,2.042033891656116,-0.6398508419793505,-2.0385273086454854,-2.016905139186672,-2.333288441156922,-0.41133373231587067,2.5427384906219306,-2.2794095170655595,2.2754207562033404,-1.7872103846755736,-1.6036015328083806,-1.9596981861005143,-0.3751925530239392,0.02830998386464989,1.9293582312208784,2.124966162926551
numHidden 	5
numGenes 	48
minGene 	-3.0
maxGene 	3.0
popSize 	200
maxEvaluations 	20000
mutateRate 	0.01
mutateChange 	0.05
seed 	1551702077821
random 	java.util.Random@7eda2dbb
neuralNetworkClass 	class coursework.ExampleEvolutionaryAlgorithm
Training Set Training
Fitness 0.142392662408585