-0.07596762207599042,-0.16374968631203898,0.13603296467821796,0.03353271271855164,0.06534266274465625,0.6090370644229155,0.7759271079552031,-0.36759267163160664,0.38618747381946705,0.25493872199617407,-0.4384684305566779,-0.3375912251132092,0.3819673242007662,-0.11164443994145487,-0.31207582567085523,-0.1763884528358562,-0.16402249227706714,0.01595234404980885,0.11122919510125558,0.03603209754375558,-0.4919200972308544,-0.010843361799969949,-0.5414298485957723,-0.12779115540753283,0.8456915554958031,-0.14329204409185728,-0.1448395590803936,-0.07699220939167173,0.33840196708391757,-0.22899826192421752,0.22798601458842424,-0.17321831614209976,-0.26900858427905716,-0.667632096282585,-0.24911173857590616,0.9016991016713535,-0.5450251020078969,0.013153142730153118,0.0019052627762197664,0.40636032020385005,0.9322172035116846,1.4033879587262783,0.31579422203819674,0.07530284251995985,-1.0666228229890704,1.07756465040874,0.9448342606455487,-0.6248358085891246
numHidden 	5
numGenes 	48
minGene 	-3.0
maxGene 	3.0
popSize 	200
maxEvaluations 	20000
mutateRate 	0.01
mutateChange 	0.05
seed 	1551705188989
random 	java.util.Random@7eda2dbb
neuralNetworkClass 	class coursework.ExampleEvolutionaryAlgorithm
Training Set Training
Fitness 0.12861111163959243