-2.2099842739189315,1.3586145238192004,-0.3218754764109651,-0.22665254752820269,-1.4073567335303936,-2.528226524901542,1.6863310188429508,3.0039018071979404,1.7820263043616815,0.9083119470021543,2.5220893578135843,0.7487690956276736,-0.27206807068849975,-0.9530074064791614,-0.47889670109237814,0.8232667425994484,-1.547216815146605,2.8055150151333583,0.05420613423945975,1.2841489122191634,1.5873628130837394,-0.9853311989351718,-2.2821029268577733,0.5366323039426328,1.1688131265720298,2.8139422945786308,-2.643474631984706,-1.0210636074214134,-2.1342155758832533,-2.4033001667733616,1.586713885206665,0.7653813498816613,-2.7410582910118566,-2.064222719387722,1.6817242014011253,-0.5844300662932367,-0.7641001357666124,-2.089426262930492,2.298076547093551,0.6311647269763738,-1.6219835809889025,1.0344582090270107,2.3888452846020174,-0.2967430716101639,-1.527669966716194,0.09654093193445944,2.397660893646915,2.9023054729249687
numHidden 	5
numGenes 	48
minGene 	-3.0
maxGene 	3.0
popSize 	200
maxEvaluations 	20000
mutateRate 	0.01
mutateChange 	0.05
seed 	1551701597296
random 	java.util.Random@7eda2dbb
neuralNetworkClass 	class coursework.ExampleEvolutionaryAlgorithm
Training Set Training
Fitness 0.13611145299658023