-1.1365419554724494,-0.002286546175923415,0.25567515520460077,0.853681520954986,-0.38541481577393555,0.823657513657497,0.39759363689464045,0.8084953984405021,0.4212472964316853,-0.3955141981985967,-0.6481583805066136,-1.0225999236609842,-0.0481631006329597,1.2324546629121533,0.5607879680618237,-0.4180445539329873,0.3026531905749978,-0.6455839035026024,1.5456274588492545,0.10619146860559509,0.5839309654363525,-1.0635962653828384,0.1308608310374092,0.03417511601906467,-1.1688610277291895,0.06680953418587368,0.25293635966460465,0.770849906734083,-0.4249448732591402,-0.13347859867651327,-0.42886789453614016,1.0959671332538061,1.7232677734788955,-0.46584043489755644,0.2022725203905336,0.5981891455581649,0.6795808082401071,-0.04193539663507265,-1.136235305043352,-0.9537852958875734,-1.1968108552348313,1.333330082069798,-1.0464204545249256,-1.3739610547466454,-0.4963666975995683,-0.2993104784419457,-1.3163060879238468,0.31447788788238945
numHidden 	5
numGenes 	48
minGene 	-3.0
maxGene 	3.0
popSize 	1000
maxEvaluations 	20000
mutateRate 	0.01
mutateChange 	0.05
seed 	1551705369132
random 	java.util.Random@606068f9
neuralNetworkClass 	class coursework.ExampleEvolutionaryAlgorithm
Training Set Training
Fitness 0.12441029618413382