-0.17201251509046944,2.7278603925470426,-1.9249831790119205,-1.2607874835050041,-0.029327516732283093,-3.002292245697703,1.659630774200955,0.7007468765310301,-2.864025940426618,1.0865516949613805,-2.375901346955999,1.033708561591758,0.15014091064125434,0.20277235088667844,-2.5380418774363656,-0.9602099279468519,-0.16938409491395812,2.954819192241894,-2.325382860049866,1.8734980589873453,-2.2699912103464737,0.9110918117021916,-0.4210151209128009,1.1545416448926396,0.824424099064812,-0.728991171934249,-0.9205752791573887,-0.35293550169214355,-2.5054272352548526,1.2506689394778616,1.4803837695770437,2.6417469495055412,1.6508244776015268,-0.676379684285423,-1.8874621760145296,-0.6923423333417045,-1.5564033514781774,0.28186360313840914,-1.0707240056960659,-1.0509022389701446,1.6282073931340255,-2.7056795446178117,-1.1981668382467074,2.808538724893161,-1.5814441219139883,2.7896131746776387,3.00036300799031,-0.849886828478261
numHidden 	5
numGenes 	48
minGene 	-3.0
maxGene 	3.0
popSize 	40
maxEvaluations 	20000
mutateRate 	0.01
mutateChange 	0.05
seed 	1551701235186
random 	java.util.Random@43595b4c
neuralNetworkClass 	class coursework.ExampleEvolutionaryAlgorithm
Training Set Training
Fitness 0.25699581702502666