2.9450592121945265,1.512564921419015,0.7112209128012914,0.9148013336282297,0.39296977793111765,-2.1663660058734022,-2.883484899876321,2.6198373398865797,-2.5950911279882387,-2.5200404513902863,-0.02736965942520886,1.0644886099457675,0.23882731841183302,2.588753577337269,-0.6085899896773954,-1.7142845983676263,0.7519678772976341,1.8682156714016438,-0.844960802555554,0.550675363488355,-0.9217384913940152,-2.5177639288638094,-2.925194270357946,0.0791865849165605,-1.3825876917047093,0.5872883960566044,-2.5657759179877195,-2.403916344833749,2.689126734290589,0.47799252610643794,-1.4591216850846038,1.6142849501259091,2.53211307266072,-2.4541212482661807,2.4562543466389615,2.0661855871894916,-2.408850333950477,1.941426666170912,-2.044737123781488,1.0552874948660724,-2.7633075357811023,1.9525027903119332,-2.3129312103519006,-1.908224343502389,0.20016297727303245,-1.327134348697408,2.3662682663260153,1.2050453924472553
numHidden 	5
numGenes 	48
minGene 	-3.0
maxGene 	3.0
popSize 	40
maxEvaluations 	20000
mutateRate 	0.01
mutateChange 	0.05
seed 	1551096034505
random 	java.util.Random@604d9eb5
neuralNetworkClass 	class coursework.ExampleHillClimber
Training Set Training
Fitness 0.6312934084042567