2.3857829000282766,1.5954870546005326,0.06627135963447338,-2.0226512722284173,0.5093880874809662,-0.8105033063129523,-0.6132691920714683,2.651563630458872,0.6316818040605592,2.188575319686684,0.6897972615219161,-1.3499387764051183,-2.5385275312103515,2.75852622289079,-0.19575415114607003,2.9063101676569865,0.30231764779005593,-1.4583919331536865,2.8120840150985593,2.049797912213643,-1.3878532313747614,-0.3254823150246887,0.05052143051166738,-1.5177932908668101,1.8355518201582806,-1.4291372020237079,-0.625968472877526,1.8441202726086678,-0.497365755449003,-1.430279611242306,-0.3118402041017538,-0.25992807983871474,-2.0917904946202004,-1.156322059975991,-2.644590484811422,-2.6497079047407457,2.3426012174223123,-1.1109489077495667,-0.8502920065167208,1.4555575815995372,1.9901730464436316,1.7377669869907248,2.199623191900505,0.08709326637699853,1.0941696631061222,2.134698963369707,2.6616793575320017,-1.7634737600839285
numHidden 	5
numGenes 	48
minGene 	-3.0
maxGene 	3.0
popSize 	40
maxEvaluations 	20000
mutateRate 	0.01
mutateChange 	0.05
seed 	1551700928501
random 	java.util.Random@5e3715c0
neuralNetworkClass 	class coursework.ExampleEvolutionaryAlgorithm
Training Set Training
Fitness 0.1548895248333837