0.23020804837779052,1.2907007695607444,0.06672068138286913,-0.17923149060519372,-0.4273754544481012,2.2996892707965593,0.8123378695002345,1.2833381462041507,-0.9461346352185351,0.14874941556603571,0.6336535031814764,0.11781071414471367,0.6395157026487353,1.8063088743462252,-0.02602487121146696,-0.4461647417645531,0.35614839364769235,-1.3232611447843858,-0.08450165598427589,1.7924349454783737,-0.9962689197699817,0.40007982383006674,0.7301339769546581,-0.5642780760334942,-0.17969918439178956,0.8434839283543085,-1.255383062798795,0.02612764591579575,-0.30279580628098135,-0.12099217040091154,1.3237614358247993,-0.08042789518105342,1.3996439833278953,-0.04647450218683424,-0.24282958691238493,0.2890595916449773,-0.26346651580666797,-0.28077746902342904,-1.1209543436101286,-0.39773627041449355,-1.0589588180700387,-1.5176061296429075,-0.9818763408377291,0.5090439267410612,1.5671546832816499,-1.2590395470673084,-0.25785000484569087,-0.4046535567332783
numHidden 	5
numGenes 	48
minGene 	-3.0
maxGene 	3.0
popSize 	1000
maxEvaluations 	20000
mutateRate 	0.01
mutateChange 	0.05
seed 	1552225741472
random 	java.util.Random@26defb80
neuralNetworkClass 	class coursework.ExampleEvolutionaryAlgorithm
Training Set Training
Fitness 0.1119784649949817