-0.16907973818046518,-0.3670869921675838,0.39006231234228206,-0.2114205845891658,-0.14824068217401853,-0.8025559565725594,0.36259873410328547,0.589742488835228,0.622299535400224,-0.5810938654713461,0.2267175998283118,-0.7552046000161489,0.2643751859619973,-0.01539345838333997,0.2681435277442224,-0.7714338229891148,-0.33628138572802785,-0.8001180816950206,0.8912166516375182,-0.18130635565401387,0.36884205739633225,-0.462889838177778,0.17291457037570857,-0.524398695200578,0.02788047116340675,0.24797275248256928,-0.09874643941611573,-0.11087034380655908,0.07038804347783884,-0.2065039011531169,-0.20554311096112043,0.43174603288839597,-1.1462424540729972,-0.391509127067348,1.1487732841068083,0.2707335729920247,0.1420585544067221,0.21694153897114807,0.027019570642435042,-0.7524473910433352,-0.45789671554365924,0.8679564804296542,0.5837889089208343,0.20339916223146717,0.19530938170610235,0.2828169246690896,0.1629951012949702,0.31678282709125094
numHidden 	5
numGenes 	48
minGene 	-3.0
maxGene 	3.0
popSize 	1000
maxEvaluations 	20000
mutateRate 	0.01
mutateChange 	0.05
seed 	1552226186902
random 	java.util.Random@7cec901b
neuralNetworkClass 	class coursework.ExampleEvolutionaryAlgorithm
Training Set Training
Fitness 0.1129045141410672