-0.6823946449536494,-0.18562293779672465,-0.66805434724082,-0.2843267222011594,-0.2449652947705963,-0.14452491082015168,0.041847332357241925,0.2826366311526063,1.0758224252770847,-0.8248525805555683,-0.10007164249096814,0.1580785267670928,0.3683214689354396,-0.3277889246985729,0.5390813251959214,-1.1103421799718722,0.7397597327374901,-0.3043624920734192,0.19352934649661352,0.4316003711436279,-0.5684886508753745,-0.47721188129113723,-0.6799178259648422,0.12420491646720708,-0.6193879783404985,-0.37025503942670523,0.027342250939107526,-0.709647657129745,-0.00789314132894709,-0.522140024203491,0.40917928271275883,-0.2056699730114421,-0.4268962746128804,0.44472960477910134,-0.08063739303154843,0.9187006152752243,-0.906482324558216,-0.21243802649550853,0.4329866035031787,-0.5087908275337814,-0.1561147804081617,0.8563059490126521,-0.26813272781779784,-0.6038559010027087,-0.07555886109031021,0.9611263200884674,0.3444915497295437,-0.15733390971919023
numHidden 	5
numGenes 	48
minGene 	-3.0
maxGene 	3.0
popSize 	200
maxEvaluations 	10000
mutateRate 	0.01
mutateChange 	0.05
seed 	1552226838223
random 	java.util.Random@1f17ae12
neuralNetworkClass 	class coursework.ExampleEvolutionaryAlgorithm
Training Set Training
Fitness 0.12845891284727207