0.1007908995714357,-0.661221638323044,-0.6129787723436263,0.5318529137533092,0.63902284410807,0.060277255427226284,-0.19572033221437551,0.7910409941148864,0.16198731941397357,0.6005277089416814,0.16334050337453276,1.6882692375588886,0.399543299085668,0.7888365145718572,-0.45977504934819036,-0.7723870094427728,-0.6832886832628287,0.6191815215054486,-0.16396082286128125,0.8276524820776714,-0.15539909555973033,0.6887484527645307,-0.4221401829702095,-0.1547303095451847,-0.39139345084085053,-0.8928802761917103,0.7095833087650679,-0.2570194881608787,-0.83424768709148,-0.20123776949023206,-0.6327140130770529,0.1111703394986322,-0.4880081706040535,0.9899176988073929,0.4317856082575209,0.11177601810120717,-0.919476382796865,-0.12851139312029647,0.9570524111193962,-0.9036160342780537,-1.6020175395250174,-0.07937480427929106,-0.5541279979703231,0.4217334697348214,0.7299192311707876,1.1901839584551284,0.27824374742681346,-0.1935857616757747
numHidden 	5
numGenes 	48
minGene 	-3.0
maxGene 	3.0
popSize 	1000
maxEvaluations 	10000
mutateRate 	0.01
mutateChange 	0.05
seed 	1552226877312
random 	java.util.Random@1f17ae12
neuralNetworkClass 	class coursework.ExampleEvolutionaryAlgorithm
Training Set Training
Fitness 0.12885252049956525