-0.2093003438969012,-0.04909064265570161,-0.08696717954062355,-0.09691522767915758,0.054116981864828606,-0.528943466020623,-0.26606098971189923,0.07819925675696707,-0.023606973653879704,-0.39676796013972315,-0.20805492938729223,0.13088515261845918,0.08580507459143057,-0.151280692549279,0.14849338826516909,-0.16898906347445464,-0.290805405137714,0.09101790376454015,-0.5578912436568784,-0.05187453057432993,0.011941259840497306,-0.20185022443112877,-0.40397420924270994,-0.09468715765541856,0.2726166984722437,0.0619310718224554,-0.2766111601109911,0.022068164544073388,-0.07160683328627837,0.13979104598175573,-0.050908699144309066,-0.3129501235267375,-0.13757653876027087,-0.055003749434008424,-0.20841097266291142,-0.2563592820908073,-0.18889012617916207,0.053457804199029534,0.26347442499869983,0.0842751070340602,-0.05535840886314178,-0.22245596693891406,0.3801864280432365,-0.009866782309958952,-0.4343009799207679,0.6694491467287587,0.7431395724106771,-0.09068538627263059
numHidden 	5
numGenes 	48
minGene 	-3.0
maxGene 	3.0
popSize 	1000
maxEvaluations 	20000
mutateRate 	0.01
mutateChange 	0.05
seed 	1552225854847
random 	java.util.Random@12c58285
neuralNetworkClass 	class coursework.ExampleEvolutionaryAlgorithm
Training Set Training
Fitness 0.1279532773886795