3.2740340906988834,-0.9524886399681018,0.46378767384883496,1.0967412754909691,0.0030286015905381797,2.427516676692193,-1.8005933273755366,1.2098903832487458,1.1068437860947316,-1.2437757520335637,-1.7002822839561849,-0.32561275541959256,-1.379396350485392,-2.0791653138637134,1.4914764792051456,-1.6272112144972704,-0.4851909351692208,2.5622428575122913,3.288068446587027,1.8496757526130183,2.554868341080258,0.983192501754246,-0.04082583034810869,2.157701406540796,1.7727470446803915,0.9829304431065848,-2.2822542229300944,1.6010890780497204,0.7744317967405074,2.442101917701155,0.9667925638282002,-2.1274934058450548,-3.416177722034687,2.1291522734328456,-1.7023384276654139,-2.5255189161299425,1.8600050215460509,2.278215365557295,2.1325430562328203
numHidden 	4
numGenes 	39
minGene 	-3.0
maxGene 	3.0
popSize 	40
maxEvaluations 	10000
mutateRate 	0.2
mutateChange 	0.05
seed 	1553351908797
random 	java.util.Random@1f17ae12
neuralNetworkClass 	class coursework.OwnEvolutionaryAlgorithm
Training Set Training
Fitness 0.14762844536710304