0.7765119745986487,0.880582431672165,-3.3103287868841265,-0.8864386715346343,1.6620369371540058,-0.3995247483178357,2.689296117967695,2.4012132135985427,-2.5540313870638482,1.9999335555139728,2.3230320712276042,-0.7962791853661443,1.7639740556968235,1.2244540473703043,1.2858998327942364,-0.015045565030620933,2.6866720638765256,2.0425388956854316,-1.280616243305928,1.5841715034329846,-1.922636032091932,-3.273186568174546,-0.36070636210376983,0.4369602972431059,0.6070875456111302,-3.0414290771475114,-0.002117145510976068,0.057475894918701004,0.7642029603940974,-1.999700160499211,-1.9513611359169036,-1.7456103362957536,3.0194514968267594,0.22739680995825717,-0.8024667952432178,2.4494376771487607,-1.6842627905873333,1.0088483975403,2.7980727465774184,-0.30708365927914216,0.8295371395382418,-2.176975538288824,-2.1866399772768177,-0.2243777195232673,1.357170687399095,2.2998586531912504,3.0256035942278117,2.231593592679494
numHidden 	5
numGenes 	48
minGene 	-3.0
maxGene 	3.0
popSize 	100
maxEvaluations 	20000
mutateRate 	0.1
mutateChange 	0.3
seed 	1553513543515
random 	java.util.Random@6576fe71
neuralNetworkClass 	class coursework.OwnEvolutionaryAlgorithm
Training Set Training
Fitness 0.12672202232726132