0.9873200775135517,1.902054793724693,-2.7961734896682664,2.63530747389735,2.852128352732552,-0.08358442083410601,-2.737518635748525,-1.2713336107544262,1.2266448464144721,-3.2933699236643137,-0.3899611314651805,1.4888941598499454,0.49204462925355696,2.813605843272516,3.5976119488404765,-1.1143345224237993,-3.098881541795808,-1.3064546328630002,-1.1619504711696613,-0.6325280037891857,1.3901861285481487,-1.8418334232929814,-1.4170252208857683,0.6124148247065718,-1.1201525072257925,0.8453642254819537,2.0443759270532786,1.6083906414766744,-0.8211570834572824,1.1560483040046965,-0.42145829155406844,3.210740400019715,-0.718444291469042,3.0228402224466437,-1.9916687868529956,-0.6873807266681972,1.7152280819927361,2.3417519317794464,-0.9869961902057677
numHidden 	4
numGenes 	39
minGene 	-3.0
maxGene 	3.0
popSize 	100
maxEvaluations 	20000
mutateRate 	0.1
mutateChange 	0.3
seed 	1553516193076
random 	java.util.Random@6576fe71
neuralNetworkClass 	class coursework.OwnEvolutionaryAlgorithm
Training Set Training
Fitness 0.050223057493116174