1.4689939291234355,1.7377311643724336,0.7815861778808249,0.6155618239061307,-3.683860356160514,1.9752227185086126,-0.7260771262995223,0.7290835184379043,-2.602542058787494,3.099596046603419,0.9877346192311123,1.1542936738236955,-0.28441433619463896,-2.274522635100589,2.8498473057791935,0.4426502555353101,1.9934986045237655,-0.3912519867309011,2.535154790513629,0.8775960868297839,1.3256839238494567,1.3292704038811596,-3.206192102226055,1.8614675919274164,2.622278584961954,0.18856896632488457,-0.4933294064986273,-0.49189781644456537,2.2941267105541545,-0.6315708813927201,-2.979847039641155,0.9592536955735569,-0.3662441325069367,0.49601261996479035,1.7249044769562367,-1.1480006326598724,-0.5675858086197803,2.117085368941643,1.482166187291713
numHidden 	4
numGenes 	39
minGene 	-3.0
maxGene 	3.0
popSize 	40
maxEvaluations 	10000
mutateRate 	0.2
mutateChange 	0.05
seed 	1553353557611
random 	java.util.Random@1f17ae12
neuralNetworkClass 	class coursework.OwnEvolutionaryAlgorithm
Training Set Training
Fitness 0.12843533201148327