-3.1158914087265783,-1.3081013747563925,-0.6744693539303278,-0.33634721797952205,0.6891466873994725,-1.9749814599489641,-2.918551667112287,-2.56603642253315,-1.1679379418280178,1.5076321082050295,2.3144948722387473,-1.1838096481041565,-0.3906167722559484,-2.651196590254825,-0.89564118569417,-3.024843083553325,-2.196171604886138,-1.4424721348145617,0.7221562366829661,0.7809674741862965,1.0704732879312215,1.2545632544522731,-0.0035141072725272393,0.37036965796649374,-2.403646656792246,3.1882066639326077,2.432822723156155,0.6205762415920372,0.3204043867955477,-1.2743376993694229,0.890451460267382,-1.5927477502989387,-1.534848964198657,-1.2217215059736608,-3.0397045981491395,-2.6968971007186853,1.7349596786195123,2.302458047316602,-1.2451305724179853
numHidden 	4
numGenes 	39
minGene 	-3.0
maxGene 	3.0
popSize 	100
maxEvaluations 	20000
mutateRate 	0.1
mutateChange 	0.3
seed 	1553516819529
random 	java.util.Random@6576fe71
neuralNetworkClass 	class coursework.OwnEvolutionaryAlgorithm
Training Set Training
Fitness 0.05333340809708424