-0.9235249992199378,-2.148471533499484,-2.5263715992235483,-0.303846006996887,3.123010971236056,-2.20114175815884,-0.8948214892971352,1.5099273453338566,1.0999987731711205,1.0143985217444407,-0.6008150578167066,-1.0710203995713554,2.697875796500868,1.545073491856843,-1.1484699002712984,2.1256591581394186,-2.9868721745775613,-2.138707272740357,-2.5005777274153083,-1.763767914376651,0.026090130084548774,-2.7114899735342,2.3777314198555373,0.5475525016631763,-3.2674526765635865,2.7227771100749747,3.174303120669646,-0.21174422405626314,-2.6130028791161135,-1.4420415733150838,0.866403842435964,3.9432253778408044,1.0370009286693793,-0.20882498585877335,2.594784389485573,2.297926803230598,2.7761698341926357,1.0671039905826052,-2.0399427780591513
numHidden 	4
numGenes 	39
minGene 	-3.0
maxGene 	3.0
popSize 	150
maxEvaluations 	20000
mutateRate 	88.29999999999713
mutateChange 	0.3
seed 	1554561793680
random 	java.util.Random@4d405ef7
neuralNetworkClass 	class coursework.OwnEvolutionaryAlgorithm
Training Set Training
Fitness 0.10500379983386335