-0.2563943123624076,-0.7992326180513257,0.2606060520713282,-2.571560022837607,4.198501169576706,-0.494200006942421,-0.2614005681718703,-1.6683922513801681,-0.8297407948419344,-2.628414443289753,4.597824541063568,-2.3695852289444685,3.3746013973913263,0.44078681122113544,2.4656838025913506,0.25354860939116397,-2.0314354565632304,-2.777834972697702,-1.7626356120937905,-2.074380064550337,-0.06144661728552016,1.172056130548648,1.4514507003939483,-0.5024514603429164,-3.217630232788023,1.5098425073847497,3.3752558544782163,-2.200628919332089,-0.9364807301167992,-0.26751021973688716,-0.8756283174465535,-3.6662414929483544,0.7281281599648134,-2.5021114214170423,0.9215109574478791,-0.8301986896845132,-1.0267151913246817,1.3617558751232754,-1.0575109426187372
numHidden 	4
numGenes 	39
minGene 	-3.0
maxGene 	3.0
popSize 	150
maxEvaluations 	20000
mutateRate 	37.09000000000065
mutateChange 	0.3
seed 	1554645387815
random 	java.util.Random@4d405ef7
neuralNetworkClass 	class coursework.OwnEvolutionaryAlgorithm
Training Set Training
Fitness 0.05854849607116226