2.2274017892778657,0.055576307726395324,3.4024241775632365,-4.748994882727048,-4.509637146889336,3.47830191295515,0.3650536247755454,-3.4426127908875555,1.0519678397241081,1.8192771763081967,1.6363999493931438,-2.206076228416556,-2.2655719085707764,3.4296902202187542,0.3156352847469592,-0.7229876635862373,2.192943271186831,-3.3198588715659723,-1.7936549608265753,0.7812510591106838,0.44580598864562904,1.6345069194585982,0.9663760840040626,0.48913358201045354,1.0667861498487476,-2.21410661658953,-3.756860392584432,2.954519393128094,0.8260215523412044,1.286409420774603,4.37546561340284,-1.7146094507878327,-0.6672554125293487,-1.4489852601240059,2.83614646001823,-3.009747418122877,0.7211721093850645,1.4790525372690424,2.257908935728263
numHidden 	4
numGenes 	39
minGene 	-3.0
maxGene 	3.0
popSize 	150
maxEvaluations 	20000
mutateRate 	5.560000000000001
mutateChange 	0.3
seed 	1554566145645
random 	java.util.Random@4d405ef7
neuralNetworkClass 	class coursework.OwnEvolutionaryAlgorithm
Training Set Training
Fitness 0.037853886971817144