0.7242110796711254,3.126808440011327,-0.9040503369546383,-1.036083008324086,2.8511004386155676,-0.9895657863845398,1.22602253536082,3.2544617916043292,-1.0170882010699587,-2.0423160896670844,0.0031832751719409053,1.155146762071029,1.6970652767444323,0.31248465800460345,0.7228500517264345,2.0915687666063505,-1.6141314849652275,-0.43444173085332916,0.2925987586870179,-1.9196812670470067,-0.5768138470431409,2.572941085483774,-2.3578569257869404,-0.8804596487025487,0.2981986668965073,-1.6717106685718983,2.0575812067141213,-0.5223661614500701,-1.5634635407944009,0.8373904094972608,-0.9528061694131456,-0.8149388161727015,1.4778438035436945,-2.1587539677136505,-1.671113441337628,2.130622423082058,3.170082054143427,2.3203388686098565,0.8045225718461032
numHidden 	4
numGenes 	39
minGene 	-3.0
maxGene 	3.0
popSize 	150
maxEvaluations 	20000
mutateRate 	0.1
mutateChange 	0.3
seed 	1554215051564
random 	java.util.Random@6576fe71
neuralNetworkClass 	class coursework.OwnEvolutionaryAlgorithm
Training Set Training
Fitness 0.1266633737408747