1.6898865990548033,-0.3234184364621201,-1.2535080653382156,-1.6022860551016338,-1.971295288567814,0.3359577391729027,-2.6540528729744715,-4.076225913636548,0.7317185962639936,-2.2284761733019063,-3.3626455328850113,0.6663722851491349,-2.3857953128475584,1.058683810646044,1.8145322825638153,-3.017509591070984,2.3108410072102696,0.35275725695997207,0.30502080132221854,0.8893508820128843,-0.8048693761668929,-0.7932097970032674,3.0921972665387907,1.9162251472374263,1.2605691290858199,1.5255849929670686,-0.9951970851330101,-2.3684616699547534,-2.8811209637570965,0.7623138535049088,1.4834417074500712,3.1069647165751535,-1.4350506650302128,-0.8902540085455417,0.511367427978321,-0.5337013336108933,-1.2829002361247568,0.27451888787449874,1.518937325717863
numHidden 	4
numGenes 	39
minGene 	-3.0
maxGene 	3.0
popSize 	150
maxEvaluations 	20000
mutateRate 	0.1
mutateChange 	0.3
seed 	1554116538014
random 	java.util.Random@6576fe71
neuralNetworkClass 	class coursework.OwnEvolutionaryAlgorithm
Training Set Training
Fitness 0.10436347621986684