3.7196205314329815,1.3650979739988849,-0.9389401544622206,-0.3530308013883036,0.3640250760540937,-0.11945406807185827,3.1492805509461284,0.19489071779379205,4.256081090667067,3.3849255866754207,-0.45848817768646044,1.8238689416469043,0.7336039688547307,-2.731352802460647,2.218212454355794,0.9856783984156848,-0.5886905230264086,0.8347896958424241,-1.513185899546778,-1.803120296107164,0.22122031663863165,0.8372359541432246,0.5440729097025626,-0.8231398016109661,-2.0617080542773847,-3.5534529361026843,0.41911411669906823,0.3438608352090726,0.010828225707278774,-1.1716179777530809,1.5644744700457678,-0.3878748193996605,2.567340005607294,-2.113041516072044,-0.787072496831043,1.3610514148487383,1.5136474690875186,0.3768281490035603,0.23329166694805503
numHidden 	4
numGenes 	39
minGene 	-3.0
maxGene 	3.0
popSize 	150
maxEvaluations 	20000
mutateRate 	0.1
mutateChange 	0.3
seed 	1554218658762
random 	java.util.Random@6576fe71
neuralNetworkClass 	class coursework.OwnEvolutionaryAlgorithm
Training Set Training
Fitness 0.09540008968947894