-0.9225458448848173,3.9929200820830646,-3.6203973967745053,0.8325480978945818,-1.5052805578277764,-2.1809764289278357,-1.1402681813480067,2.6078963579826873,-0.03658940195195487,0.44709005498611804,-1.2657036040860346,0.15615064080969795,-0.42614242843562106,-1.4272624140045622,0.2626558966992405,3.8434301811702634,-0.10418978894264436,-1.8460711493709636,-0.9403631176294245,-0.10492266631140146,-2.694244233979186,-0.2380350651720075,-2.8339730026469536,-0.9612482023183875,0.30356138686304196,0.5283710538726825,-0.08547352922104903,-2.446333986290652,0.3516342708854828,-2.972231173962911,-1.1298178698609183,-1.2284887273211829,2.285112056240901,-0.9076804526686542,-3.6802494288286347,2.475752630527846,-1.5087345337987663,-1.4441717215246868,0.39502648125831563
numHidden 	4
numGenes 	39
minGene 	-3.0
maxGene 	3.0
popSize 	150
maxEvaluations 	20000
mutateRate 	0.1
mutateChange 	0.3
seed 	1554116381353
random 	java.util.Random@6576fe71
neuralNetworkClass 	class coursework.OwnEvolutionaryAlgorithm
Training Set Training
Fitness 0.11258046090642193