1.8886722274381171,2.2786040563547,-0.45901865261178276,-1.9065147937251974,-0.9913920807199359,2.1432279272261177,0.44667057836886187,2.468743423032826,2.8172817107767596,3.1791372837812246,-3.225916326303614,-1.7861664826485601,2.8242514190159302,4.715738996408224,-1.107727857057601,-1.1611662004388097,-1.0924234890641384,-0.8609799749900072,0.13044862919702063,-1.5509539962902519,-2.783317554496936,-0.38222244678090356,2.70751288661218,-0.9977207223815812,-0.939589353546561,-0.45331045801949205,0.07601030756745392,0.8431943460775875,-1.3694836763364107,2.7271756989858678,2.837897737508654,0.8176611276246236,1.0961164038923488,1.4309588353086191,0.9581425554419609,2.0202446570888966,3.1830533726797854,-0.9691861957099246,0.28678714297501184
numHidden 	4
numGenes 	39
minGene 	-3.0
maxGene 	3.0
popSize 	150
maxEvaluations 	20000
mutateRate 	496.3500000000786
mutateChange 	0.3
seed 	1554118514601
random 	java.util.Random@6576fe71
neuralNetworkClass 	class coursework.OwnEvolutionaryAlgorithm
Training Set Training
Fitness 0.0999222101868667