3.4221854973295556,3.343815719313822,-2.163998754980255,0.178349591280022,1.5228506450079777,-3.3898186390291856,0.43576833688102656,4.530150104691412,4.0941324114298325,1.6655985156047255,-4.020784426420404,-1.4534020023662528,5.0317874978045145,-2.464763385719353,1.1198204118221804,2.5298017860992026,2.0479372590903737,1.5712240214596962,0.590532764491914,-2.279183114472328,-0.8997191423210367,0.6902318749396134,-0.05757483029257843,0.3239796426051212,1.2426502707557479,-2.742143587041088,3.4724056182790655,2.548071772836293,-0.9103557517364351,-1.3080747383929965,-2.791191002840342,-0.07671836347309473,2.7176139251881772,-3.6815385545802117,-1.359053082722502,2.7017496074592118,0.32358047537383494,-0.9725964374943961,1.8775004977295517
numHidden 	4
numGenes 	39
minGene 	-3.0
maxGene 	3.0
popSize 	150
maxEvaluations 	20000
mutateRate 	66.64000000000176
mutateChange 	0.3
seed 	1554644938878
random 	java.util.Random@4d405ef7
neuralNetworkClass 	class coursework.OwnEvolutionaryAlgorithm
Training Set Training
Fitness 0.014850704270975783