-2.4126232994650887,1.3319033601855794,-2.377568375911871,-2.361767356883838,2.8505788646939765,0.6944618719928499,-0.8647679090620246,-1.3192071424773848,-3.0924716610170364,1.7274992854087632,-2.896838499836133,-2.6727439760542926,0.3294802733569079,0.9505733998242364,2.792833834529559,-1.1394551521791503,-2.096037215112753,-2.338939130611964,-1.3452581887167698,0.07024809592986672,0.10435092589461867,2.8429367386072744,2.3195704365056202,0.45500724439491685,-1.9621022341691379,3.007104865478466,2.492719526902526,0.7765506028542482,1.7808365522876517,-1.1662072811496749,-0.43712560968204905,2.907269742814417,1.0855456926108418,-2.090212724523366,0.9689985211961788,-2.4792161928123546,1.2581743665587508,-1.7174520250733685,0.2708105032089318
numHidden 	4
numGenes 	39
minGene 	-3.0
maxGene 	3.0
popSize 	150
maxEvaluations 	20000
mutateRate 	0.1
mutateChange 	0.3
seed 	1554218438204
random 	java.util.Random@6576fe71
neuralNetworkClass 	class coursework.OwnEvolutionaryAlgorithm
Training Set Training
Fitness 0.046085539464565645