1.738415041026095,-0.3602754132015971,-1.891405105713841,-1.9328014817623396,-3.1733181915202158,-4.286370511586671,-0.25767340754251133,-2.575452399356403,2.3828539558085744,-0.6894361226942417,3.034047837320992,-2.724042793245055,-3.059967022337589,-0.8650940736098107,-0.9230451157523172,-1.8047809106317436,1.4646424342609399,2.655116467478579,-0.45318404925623806,0.04218341155088473,0.20626641161606352,-0.24676170328084363,3.163712058530467,0.42050673522277915,1.4079260565938725,-3.759232010828975,-2.478296405416787,0.6814721211078782,3.2151818418672167,-3.4283002174318495,-0.7178505217747287,-0.24273685385270688,-0.9321796928162452,-2.9880303481487123,0.4776189756326618,-1.8022009921803388,0.7441755664724726,2.1784726747732273,1.0456827745223456
numHidden 	4
numGenes 	39
minGene 	-3.0
maxGene 	3.0
popSize 	150
maxEvaluations 	20000
mutateRate 	72.69999999999801
mutateChange 	0.3
seed 	1554647257060
random 	java.util.Random@4d405ef7
neuralNetworkClass 	class coursework.OwnEvolutionaryAlgorithm
Training Set Training
Fitness 0.020346420244386935