-1.674809053208423,-0.6601923255662902,2.6458854920132913,-2.4522003371143843,2.000168549864454,-2.4533793227061453,0.03150402798657542,-0.18334412145120063,-0.8212960409458645,-0.49821508556987487,3.151225854381128,-2.2023258853745107,1.5774837775366437,-0.8990830837832506,0.27242135580120186,-3.4799597953542483,2.068623554828563,3.3162307011162873,0.564206913816308,1.4495526938423475,-0.8892940959483565,-2.1902672086769037,-0.576165319110304,0.4038035763515657,-1.6501524573192197,2.3109379107946117,2.8524003925797725,1.5078334221432406,1.7907750658777095,-3.5569637813962856,2.4656954035915324,-2.846951799555795,-0.8538236345206325,-2.3298102356027943,1.3786435098181244,-1.8914448191006104,2.191255864775597,1.5358647141256587,-1.2702049432207312
numHidden 	4
numGenes 	39
minGene 	-3.0
maxGene 	3.0
popSize 	150
maxEvaluations 	20000
mutateRate 	2.2
mutateChange 	0.3
seed 	1554563008941
random 	java.util.Random@4d405ef7
neuralNetworkClass 	class coursework.OwnEvolutionaryAlgorithm
Training Set Training
Fitness 0.020627062194073856