-3.0740111004527746,2.024296984529332,0.7677150552934731,-0.6366770374363192,-1.755312150482234,2.3127795394835173,0.8084555815330277,-3.2243773826530577,0.9673426138569042,0.38330089398145484,-2.199707559488574,0.056352199247976506,-0.2949458002284474,-3.695549064157849,2.238737056912272,-2.798966293779241,1.9009927956606885,3.0748802754005755,1.7512200306105021,-2.0592233489460163,2.734983519552782,-1.2175450731779647,-0.2965853563128876,1.5848532084343872,0.8967685223501117,-0.4000677455623308,3.0190996434320105,2.1469491374123093,-1.2243442740007866,-2.525898652956442,-1.9820491271980556,1.2407879372748134,-0.038999295258795696,-1.4441710599238824,1.7489149425838295,-2.050179524310168,0.8053758718145594,1.7536280523776901,-1.2482747399920897
numHidden 	4
numGenes 	39
minGene 	-3.0
maxGene 	3.0
popSize 	150
maxEvaluations 	20000
mutateRate 	0.1
mutateChange 	0.3
seed 	1554216876729
random 	java.util.Random@6576fe71
neuralNetworkClass 	class coursework.OwnEvolutionaryAlgorithm
Training Set Training
Fitness 0.09023564436094526