-2.894493287388249,1.3456806796292273,-0.3320078012671024,-0.6364269713558788,1.1054990497364436,2.700572313607619,-1.928562089607992,1.9796517955494548,-2.0521298000466155,2.334729128709025,0.43258055663471634,2.2154943624434376,0.9074982928684279,2.707210434848304,0.8801886990987742,-2.7118774366503446,-1.6095782189015926,-1.4161563349290862,-0.6320959055140083,-1.0369747964500347,1.1398264849509199,0.06604469499960858,3.163950640259341,1.5754216342886873,-2.577334807073167,1.8269573994284884,0.272916602328712,0.9241639195054852,2.912965815172066,1.4410700231605542,3.0194968111366762,1.0906453134450262,-3.00222222212746,-0.9436485022361719,0.23610748756216643,2.229948862996835,-0.24540591191304834,1.1457980910194765,0.49078243873489574
numHidden 	4
numGenes 	39
minGene 	-3.0
maxGene 	3.0
popSize 	150
maxEvaluations 	20000
mutateRate 	0.1
mutateChange 	0.3
seed 	1554116746124
random 	java.util.Random@6576fe71
neuralNetworkClass 	class coursework.OwnEvolutionaryAlgorithm
Training Set Training
Fitness 0.05351618924664038