-0.6893011280569284,3.7077890129240902,2.915511348276839,2.3392828743346534,1.2880500499138474,-2.956008297463211,3.286956010921454,-4.066135453245181,0.12542206094999864,1.5988783920378078,1.1835605720687357,1.1293704784416219,-2.6709032551757725,-4.203850167285323,4.120417349669839,0.14116727630152354,-0.07732648665993946,-0.8438536646989687,-0.7414477735122401,2.728256633089931,-5.061868576252976,0.5804932272526139,0.28859638702716006,-0.3835367684082133,1.2174740367114087,0.4166718038523627,0.47914869931145593,1.5903195752121413,-4.311858181909333,-3.083530828733429,1.401603399267576,-2.364722045023116,4.353325332982095,2.8158321578185044,-1.020146178155689,-2.5378150244065436,0.9374203602105793,2.2372549228364838,-0.5349959329755503
numHidden 	4
numGenes 	39
minGene 	-3.0
maxGene 	3.0
popSize 	150
maxEvaluations 	20000
mutateRate 	0.1
mutateChange 	0.3
seed 	1554562904660
random 	java.util.Random@4d405ef7
neuralNetworkClass 	class coursework.OwnEvolutionaryAlgorithm
Training Set Training
Fitness 0.009397426026245406