-3.3675440689568936,-1.1122608509382494,2.9562703993602786,-3.450938476209524,-0.9664204428814419,5.384907792713441,1.6723475011926525,-4.158359041141865,-0.5082105260429141,0.5351792448291112,4.009748150636934,-1.6668346231932096,3.595011837371168,3.550625302830155,-3.020214583308986,-2.0836878860770724,-0.6097161042377177,-2.572129491974952,-0.8471022530590426,-0.4526527304624918,-1.5093495163851687,-0.03126738059204798,-0.02750604333463727,1.135230607114112,1.0301509780484273,-1.05507240036821,0.054449356402640155,3.637302042172504,0.049313093443254796,3.2978674330850146,1.9497056552208338,-3.0543720800127643,-0.32149118865320625,-1.7763063831188328,1.4279919273660524,-1.1047810931224187,1.4821051273400208,1.458343263990324,0.23653521787593432
numHidden 	4
numGenes 	39
minGene 	-3.0
maxGene 	3.0
popSize 	150
maxEvaluations 	20000
mutateRate 	81.58000000000233
mutateChange 	0.3
seed 	1554565100860
random 	java.util.Random@4d405ef7
neuralNetworkClass 	class coursework.OwnEvolutionaryAlgorithm
Training Set Training
Fitness 0.030284423479223745