3.3341895073506778,-0.2809793280874444,1.9985056613801127,2.3974375470985896,-3.095711548108064,-1.5787880765994615,4.372718451696914,1.503214842987673,1.0550247174309968,-2.872823786096093,1.8405257267664812,2.9137302750284695,-2.6239925054506488,-2.146099781759717,3.8228364355607294,1.8936823542400056,0.7210326043914723,-2.5569579931702755,-2.094428906028098,-0.7943369870877524,0.8263509712959735,-0.6614406202751886,-0.41651042997605675,0.35305100497115866,-0.8831601724742452,-1.8089874481351556,-2.6719195248654426,-0.8572915509414568,-0.5913832814122796,-1.8346455183080759,0.33213767897068674,-0.7368175726157828,2.233654885090636,0.782773205104052,-3.578065494630106,0.5571251041692169,-0.22865969038335793,0.7384857187414894,1.2719658334363706
numHidden 	4
numGenes 	39
minGene 	-3.0
maxGene 	3.0
popSize 	150
maxEvaluations 	20000
mutateRate 	28.150000000000265
mutateChange 	0.3
seed 	1554556952083
random 	java.util.Random@339f21a
neuralNetworkClass 	class coursework.OwnEvolutionaryAlgorithm
Training Set Training
Fitness 0.03500373734508261