3.2413856716459395,-1.4642152150392806,-1.1727426705420432,0.9347167056368635,-1.9021935853264778,-1.558284309874504,-2.6411352065486016,-3.0262026867781717,-1.9134265557777124,-1.9478575695889178,-4.512582932307694,3.463391777495248,2.2724634913741375,-4.226741823246923,-2.376485500776105,-2.9925535571705697,-3.4392357536162956,-1.0161389026899803,0.11843267844572465,0.4598828683371254,-1.7931625696832771,0.037135090527698825,0.8477730307259383,0.06492017410073592,1.824112283918754,0.8748698861914312,-0.6192669071250682,-0.6787175123250243,2.8041659399482257,-4.139561388119549,-1.4815157462121817,1.3894004021079822,-1.7581507631410052,1.9737157584606067,-1.7117521577245807,-4.71039018524121,0.9354311709947183,-3.6665447269478707E-4,0.4320522426150097
numHidden 	4
numGenes 	39
minGene 	-3.0
maxGene 	3.0
popSize 	150
maxEvaluations 	20000
mutateRate 	0.1
mutateChange 	0.3
seed 	1554567449170
random 	java.util.Random@4d405ef7
neuralNetworkClass 	class coursework.OwnEvolutionaryAlgorithm
Training Set Training
Fitness 0.007173085979748045