0.311725458474022,0.4769827545300801,-1.7485586950785426,-0.34572390934366365,2.809864505353711,1.8845588219154579,0.7071230037390148,2.711096314700285,0.22624031915118353,1.7205283172830996,-2.991816032513339,0.07466867495025326,2.3434182873735447,2.3911861003548056,1.0717838049149848,1.8233106682630806,-1.5112949557828113,-3.001915788036746,-0.6071066164844459,0.22441961490231335,0.07889385509788249,1.5262298309595508,0.17227806142192542,-0.22641603982884603,-1.7633477748678936,-1.939124709163368,3.2276130170474895,0.21700245638009397,-2.5477828244243628,0.5086815434858349,-4.1305985205325815,-1.6195540443727032,2.547331081457096,0.24897095884863002,2.205790741373865,1.4707178347850776,-0.13059036630228835,0.9890812649480216,-0.9406233620839967
numHidden 	4
numGenes 	39
minGene 	-3.0
maxGene 	3.0
popSize 	150
maxEvaluations 	20000
mutateRate 	0.1
mutateChange 	0.3
seed 	1554116251992
random 	java.util.Random@6576fe71
neuralNetworkClass 	class coursework.OwnEvolutionaryAlgorithm
Training Set Training
Fitness 0.04694495815174265