1.8635629644030134,2.3039665590916893,1.9003331565488284,-0.9223332406892379,1.6292333650529711,-1.434655158556562,-3.63693101488805,2.9132618820590523,1.1567634230754449,-2.699284913037766,2.3836043122177415,0.49769684055739527,0.5666535489742193,-3.074515493113082,-2.140754636258454,1.4933804835440139,-1.9495811585089968,3.7663882851912898,2.09669085452989,-1.0403050001930043,0.08616040657579024,0.025299409460599928,0.03244898262326658,-3.199984508538185,3.875628284904173,-2.454945230598,2.160235600086997,2.4500333532101366,2.4093407117090253,-2.6322565402070643,2.0826152421950344,2.042011627852475,-2.9487525198556543,1.8458945649656753,2.2024555054616632,0.07185843057029129,1.1188588127344516,1.769671745729132,1.7520735388715907
numHidden 	4
numGenes 	39
minGene 	-3.0
maxGene 	3.0
popSize 	150
maxEvaluations 	20000
mutateRate 	0.1
mutateChange 	0.3
seed 	1554218534709
random 	java.util.Random@6576fe71
neuralNetworkClass 	class coursework.OwnEvolutionaryAlgorithm
Training Set Training
Fitness 0.040133564502524324