1.8931648770216614,-0.45564479339259156,-0.2063141250810407,1.7417878592741267,-2.0965721918706275,2.083728852807984,-3.7183371523294086,-2.952185005255446,1.4433315349701477,-3.036959553155941,-0.9167744700454705,2.8355392341718715,-0.5594767951747894,1.3665879938431402,-3.8809967923679465,-1.510160809890568,-1.429056386286546,1.527099609539639,0.3128611363995024,2.0277278038909383,1.7354934509781428,-0.24360200692113065,-0.3346682693992662,-0.36463332963604167,-0.8608527901328081,-1.6502355326541085,-0.2552914941869798,-2.9412401762582614,1.920876961450217,1.0501358941587462,0.21088626081356268,4.122949208458382,-3.4299056638963887,3.148871527723319,-3.875213124047098,-0.27041779763996127,0.7716874898627238,2.006065721893817,-1.0804825227690231
numHidden 	4
numGenes 	39
minGene 	-3.0
maxGene 	3.0
popSize 	150
maxEvaluations 	20000
mutateRate 	0.1
mutateChange 	0.3
seed 	1554566664215
random 	java.util.Random@4d405ef7
neuralNetworkClass 	class coursework.OwnEvolutionaryAlgorithm
Training Set Training
Fitness 0.008722476574216749