-2.832406222884738,-2.164794332578258,0.045731399112757296,-1.1129549104405942,-0.717503067397136,2.4105009768610275,1.4133986237557852,2.257262125228339,-3.0459940856976413,-1.8002433679954204,1.3180441003100367,-0.41561089901965487,-2.6193129589253736,1.5351445616122668,-2.0142757265343985,3.1447449990877283,-0.608891630222481,-1.4853696179626321,-2.4405319244583836,-3.79905577342426,0.3582920314091215,-0.4015506093949017,-1.8115678835427442,0.8806553382404592,3.114738424130224,2.266525559135056,-2.3692001237968934,-2.9823015253094862,0.36943026287592795,2.5120066415011357,-2.2590755424305193,2.066409012310073,-2.235310373396878,2.53073459143572,-0.36156270891984776,0.11271345528722909,2.6558489526458327,1.6518937372378617,-1.4362707839567568
numHidden 	4
numGenes 	39
minGene 	-3.0
maxGene 	3.0
popSize 	150
maxEvaluations 	20000
mutateRate 	0.1
mutateChange 	0.3
seed 	1554216787681
random 	java.util.Random@6576fe71
neuralNetworkClass 	class coursework.OwnEvolutionaryAlgorithm
Training Set Training
Fitness 0.09688434963467135