-3.0254776496222853,0.25913956515527564,-0.6203369323076268,2.7639036669693304,-3.722142069209518,2.9933668320303592,-2.7729246885766625,-0.39189984828480817,-4.072395766456307,1.882223968238086,0.2892919525863592,3.047888891997444,-1.9879056653124132,-4.157306594386462,-4.332977380654739,2.1447131126177843,0.5484127074812793,1.3506059194352833,-1.1034551082846453,0.9032695516087881,-0.2790847124928917,0.5487484252648578,0.19494931042762936,-0.09997426622085742,-1.0281418214846716,2.6146939458672027,-1.3267045860312714,-1.4698586298067686,-3.350136887919452,-1.3458510724654256,-2.4775959095517974,-2.451372931674237,-4.501568328315718,2.284791711260076,-2.7089988471576927,0.4887446130819664,0.7693457819501448,2.661684018795168,0.6360374943962088
numHidden 	4
numGenes 	39
minGene 	-3.0
maxGene 	3.0
popSize 	150
maxEvaluations 	20000
mutateRate 	202.9000000000119
mutateChange 	0.3
seed 	1554300472719
random 	java.util.Random@4dd50771
neuralNetworkClass 	class coursework.OwnEvolutionaryAlgorithm
Training Set Random
Fitness 0.010210008237229605