-1.790942146836995,0.15103648878929948,-2.6372873600743514,-0.052274156839469454,-0.22217817102492668,2.934422201349132,-0.294721274088682,-1.8048138611291613,1.6537917386849654,2.488075582804277,-2.774668599742118,0.9732176468858722,0.8820551966191573,1.8577384688242409,1.562922412410033,-2.2226028186161653,-2.4380867553993397,0.06748601112914854,-1.2191610582582062,0.5816102398736085,-1.446415396377813,-2.055714991086407,0.18885465620692185,0.15321955329652204,2.2390423287374612,2.614489216128917,-0.24021330226617874,0.19058565745698725,-0.7470704255823576,2.206607258452119,-2.474681398093041,2.038873301225192,0.4548494295596381,2.263345975050758,1.45443360682844,-2.805418290510236,2.171565845370512,1.1849924056153658,2.207436019968666
numHidden 	4
numGenes 	39
minGene 	-3.0
maxGene 	3.0
popSize 	150
maxEvaluations 	20000
mutateRate 	0.1
mutateChange 	0.3
seed 	1554117058076
random 	java.util.Random@6576fe71
neuralNetworkClass 	class coursework.OwnEvolutionaryAlgorithm
Training Set Training
Fitness 0.019694251408129228