-2.780625517584194,3.3189537079197438,-2.1731289204946154,1.8968482825231718,-2.056232329799837,0.5144595763199449,3.526030303461686,-0.12896004714227843,-1.988027078325402,2.2800351677261386,0.16245278901570043,1.9505244310971803,-2.758885834540386,1.5178013481157595,1.8134329096377395,-1.84137154740273,-0.13479160763124512,-0.11166796799984598,-1.7212641243104447,-0.42968663529813106,0.2449990964709537,-0.8023348711495666,0.07577095600711799,0.3292838520173479,-3.954371637132014,2.469756685744047,-2.164557768582715,1.5126559910669788,-1.4938226243122832,1.1542240189247186,-0.2556919580024,-3.3381305068111926,4.677696371561208,-0.9956336442356921,-3.4778317853916705,-2.4419851714222043,1.8616388324110116,0.05908329800137935,1.2444474531618823
numHidden 	4
numGenes 	39
minGene 	-3.0
maxGene 	3.0
popSize 	150
maxEvaluations 	20000
mutateRate 	42.999999999999694
mutateChange 	0.3
seed 	1554389169083
random 	java.util.Random@6576fe71
neuralNetworkClass 	class coursework.OwnEvolutionaryAlgorithm
Training Set Training
Fitness 0.014486382170940091