-0.463102212620643,-2.3675587234213644,-3.1450307813168,0.5701353200733896,-2.8996382236417966,-0.16930158185996427,3.820099840432921,3.428556765470628,-2.3749388159317664,-2.4798787599181105,-1.812910998229756,0.17099071148730685,-0.29810364749180784,-2.4594304308068913,2.1933162439848806,3.8332611034367305,2.0161889924165965,-0.837527731253732,-1.7651974487249527,0.47407944793438506,-0.027350773330918888,0.1958344321132585,-0.3844502805197733,-0.5628533111128183,-0.5028096015336532,3.655499681164713,-2.7568033911111107,-2.9042676071495412,1.4851360179152884,-0.5403712150498864,-2.1502933882954167,2.5182285744673973,2.9918748232885135,0.6341550116124697,0.7605536034428627,2.3822563057374433,-0.4747087474454155,1.063862213783283,2.0131380800936816
numHidden 	4
numGenes 	39
minGene 	-3.0
maxGene 	3.0
popSize 	150
maxEvaluations 	20000
mutateRate 	0.1
mutateChange 	0.3
seed 	1554566033315
random 	java.util.Random@4d405ef7
neuralNetworkClass 	class coursework.OwnEvolutionaryAlgorithm
Training Set Training
Fitness 0.005959321929972505