-1.596417665613086,-2.0029294846213777,-1.8030923096295202,1.4245067153184232,-1.1981145505149238,-1.7626231891784507,-1.845487223662707,-2.7340053297181464,0.24579203440142475,-0.7042071285386156,-3.3198511586686537,2.4900269041800804,-1.79248942084462,-2.455120818793343,0.026636068042442756,-3.5940548290576615,4.258097842691163,0.5082400738894167,2.370479486911722,0.20117662763428112,3.5303600717252377,2.1362911047093602,0.058011848525256315,1.2283673322856068,-0.6357949735808044,-0.2976453235745949,1.7117614907856693,2.7131731421061467,-0.1235452490520688,1.0536340811871852,-3.925194105219229,3.3222491839059956,-3.0505999399787944,-1.580334897833052,-0.16987298222438546,-3.1541843624718497,3.252964084042883,1.3605671599692433,-1.0178059149451733
numHidden 	4
numGenes 	39
minGene 	-3.0
maxGene 	3.0
popSize 	150
maxEvaluations 	20000
mutateRate 	1.7000000000000008
mutateChange 	0.3
seed 	1554558085715
random 	java.util.Random@4d405ef7
neuralNetworkClass 	class coursework.OwnEvolutionaryAlgorithm
Training Set Training
Fitness 0.0899333789398606