-1.8722290789839051,-1.0214969631767288,-2.4141018210991927,-0.6050380846588465,-1.2080480221657601,-0.3311886410332442,2.023596967163063,-3.1523094639675664,-1.678678479583819,1.8616506060463731,-0.2932132545362834,0.7732957393682692,-0.321723334733481,-0.6805404366368416,1.4708367620888738,-1.4683616237745114,2.703127338726229,1.7466634274496022,-2.6367096517619313,-0.22784248302664337,-2.6996226592495502,2.9993902333050437,0.7466292351534245,2.5445126640623017,0.5837961588296975,2.3389104330207746,0.3447198731258676,2.612028078261371,1.884861752131878,-0.5223936224243021,-1.7190354895600293,2.8017373521908677,2.3724207385488967,-1.0306817906665866,1.3919448039062319,-2.5431144332257927,2.6143407485418315,0.8247488009011004,1.8747481163146986
numHidden 	4
numGenes 	39
minGene 	-3.0
maxGene 	3.0
popSize 	150
maxEvaluations 	20000
mutateRate 	0.1
mutateChange 	0.3
seed 	1554215513699
random 	java.util.Random@6576fe71
neuralNetworkClass 	class coursework.OwnEvolutionaryAlgorithm
Training Set Training
Fitness 0.10254825594955902