0.24902716453184165,2.2496967529854146,-3.213088776152851,2.84538083189826,-2.9652589666402216,-0.8373614611989622,0.7754978793378176,1.4769928434682973,0.8956915944104525,4.665752385341594,-2.899933410555287,1.1135766352763752,1.9912939218554877,0.22214739295800856,5.582849831302049,3.712865104726367,3.017930417282431,0.8069080725459444,3.0383793498570624,0.6154142138646235,-0.9656894836987338,-0.4418527511485405,-0.6840206439528493,-0.23788502685523802,2.4742525963964805,1.5942214536802344,-2.6841532859188266,1.2746963011016943,-2.978459499777946,-2.287788770404795,-0.5732858987363144,3.347056499449798,2.5994695169451663,0.6085083645636351,-0.9310804487642221,3.684900390266856,1.930955126281262,1.205628056869186,-0.9957370025603755
numHidden 	4
numGenes 	39
minGene 	-3.0
maxGene 	3.0
popSize 	150
maxEvaluations 	20000
mutateRate 	38.99999999999992
mutateChange 	0.3
seed 	1554300472719
random 	java.util.Random@4dd50771
neuralNetworkClass 	class coursework.OwnEvolutionaryAlgorithm
Training Set Training
Fitness 0.011357731910695066