-1.2396608665666569,0.7728517230285552,-2.4757873533450954,0.4865225793839857,-1.8615966656310534,-1.2843797972483115,-0.21491244379100136,-1.424718952202814,0.37937042261586446,2.0583417672162376,1.4369510954172906,-1.6142653206294781,2.9906643893151217,-0.34394592073350566,-0.9638922703604696,-1.588977186298797,1.8831938980887122,2.022364031695423,-2.2805035493029093,0.5360874696128723,-0.07911114466504032,0.9854653778045145,-2.9796962807474556,0.17471579921766922,-0.8574083204311067,1.502116317702958,-1.6948883376155974,1.4321844412086528,1.4504962755220872,-1.8672661602974274,-1.0886240604973842,-3.418799474590849,-1.1412723657059667,3.066862637499557,2.9050432368240733,-2.829680366283978,0.551618421854057,2.627313069962215,-1.2788713396991596
numHidden 	4
numGenes 	39
minGene 	-3.0
maxGene 	3.0
popSize 	150
maxEvaluations 	20000
mutateRate 	0.1
mutateChange 	0.3
seed 	1554116174359
random 	java.util.Random@6576fe71
neuralNetworkClass 	class coursework.OwnEvolutionaryAlgorithm
Training Set Training
Fitness 0.1260313692119023