0.33146019735595383,-2.984297324777012,2.408324364905639,1.0564512862140574,-2.2478983236597556,-2.6706814842822655,-2.572319900835911,-2.460311811783612,-1.4472289586828964,-1.1422329900992418,-0.5729935328022548,1.4242193486056884,1.9590780896371744,-1.8087075360800182,-2.5527118952484376,-1.4865212663611798,-0.9700770753805356,0.3663631722091158,0.9011071193334182,2.2971726175488607,-1.7676308052374816,0.574513020444027,0.6294231021555721,0.1332076175166428,0.5779034817108599,1.2690277912889205,-0.6968952735876173,-2.7610088273709357,3.4205652788289393,-1.7846032684685345,-0.8367515136380047,2.026414855227352,-1.3944720882835997,0.07450876133126491,-2.2003401921055605,-2.451344687434935,1.904669901006506,2.3835711834864,0.911092440697598
numHidden 	4
numGenes 	39
minGene 	-3.0
maxGene 	3.0
popSize 	150
maxEvaluations 	20000
mutateRate 	0.1
mutateChange 	0.3
seed 	1554218238447
random 	java.util.Random@6576fe71
neuralNetworkClass 	class coursework.OwnEvolutionaryAlgorithm
Training Set Training
Fitness 0.0264632831847669