1.1890867603175435,0.4638539793456655,0.23514785037994015,2.9421259857518796,2.6039184653082694,1.7982147709090102,-4.1908916802815,-1.5134727568488024,0.9669099053014298,-0.5063834211141988,-0.8795188856596603,2.8531549444406203,2.027190036077322,3.5746012777317646,-2.4088401878101573,-2.3721914820021697,-2.8287589551214607,2.503150463642093,-0.8865982322686983,1.5646122959116735,0.6898635611189489,-1.1720252299797596,0.39228084530091983,-0.21505148918038425,1.156012771995023,-2.291198838929392,1.1905848233512584,0.39808672719226385,3.474816555020987,1.0847640416901927,0.31958265359342153,4.03404630716857,-4.030189512159837,2.521113380654569,-4.38036933517074,-0.7424581128545724,0.08131918584471517,0.33950562802084233,1.120255251863691
numHidden 	4
numGenes 	39
minGene 	-3.0
maxGene 	3.0
popSize 	150
maxEvaluations 	20000
mutateRate 	118.04999999999544
mutateChange 	0.3
seed 	1554557524923
random 	java.util.Random@4d405ef7
neuralNetworkClass 	class coursework.OwnEvolutionaryAlgorithm
Training Set Training
Fitness 0.01384643098665836