-2.510105457968537,-1.6744084454432056,1.4510149179878038,0.8717737564801404,2.495878551216062,-2.4529762545251885,0.4152888945026191,3.2825624161773272,-3.652288674014165,3.45894595367879,2.549323876693653,-0.1514041460820025,-1.5381615884528625,-3.034881264502016,-1.8258447550636354,1.7992546413461379,-2.52121830815612,3.030624243140611,3.1725582070938887,-4.188628421822389,0.08173401911965095,2.2778522934482446,-3.2271311912100176,1.2137230136863044,0.7425381119056607,-3.2642546329279445,-1.1458126534655846,-3.871620467101093,-0.5484903734023238,2.039685355435911,-2.2290804543304814,-2.675904681464385,-1.2810781991326052,0.20231984578540424,-0.19483038552253132,-0.12927336332297626,2.056007650265781,-0.4233849614845716,1.476485020688249,-0.10291825745192144,0.3278360604151378,0.10390825575982313,-3.1895881690736547,-0.7948285984534331,0.5384417145991925,-0.0018614667540136076,-3.2414503116803006,-1.227041717577342,-2.187444529110457,-0.7583038415214873,1.165670785948349,-0.28805627317180016,-1.6019395476061866,1.8334260089302892,1.0323941266999277,-3.616571297019836,-1.411877795595877,-3.5177092171876354,0.7094719638393725,-1.9799463170208167,-1.6018061055528352,-1.4850660080703948,-3.3220658264031533,-0.3454900237236569,2.9490537392984155,0.49563915528202396
numHidden 	7
numGenes 	66
minGene 	-3.0
maxGene 	3.0
popSize 	150
maxEvaluations 	20000
mutateRate 	65.69999999999841
mutateChange 	0.3
seed 	1554665292494
random 	java.util.Random@6576fe71
neuralNetworkClass 	class coursework.OwnEvolutionaryAlgorithm
Training Set Training
Fitness 0.007341201555964557