1.933621313474747,1.8536475975763378,-0.8525480822852045,-2.491989762151949,-2.487690894615957,-1.1484286918157387,2.758074155292152,-0.20792884754721982,1.2481803006792496,2.722930383553035,-0.3147407885773346,-2.6468803446660907,-1.4261264600016768,-2.827563418837529,2.4989152222916173,-3.6734719365481805,1.0566240603448,-0.1590955980754987,-0.8863655325554054,-2.1212504112574155,0.2878479692046083,0.20808772653897992,0.7382672744642766,0.7100677841442282,-2.6059102516040724,-0.5783915882573542,-1.8156072073692109,-0.2325672731862278,-1.933685614552156,-1.662992410766217,-1.793418699116982,-2.0502561488673883,1.03211371799795,-2.9482013916206142,1.613360956839504,-1.6448714220611997,2.460168763223032,0.8165927892238901,0.9859667782483124
numHidden 	4
numGenes 	39
minGene 	-3.0
maxGene 	3.0
popSize 	150
maxEvaluations 	20000
mutateRate 	0.1
mutateChange 	0.3
seed 	1554115205059
random 	java.util.Random@6576fe71
neuralNetworkClass 	class coursework.OwnEvolutionaryAlgorithm
Training Set Training
Fitness 0.00849638185745191