0.993408968404489,-4.180421458896191,-1.9915402824939026,-1.13760851468086,-1.9020538374478608,1.447852233949685,-1.1920052098762106,-4.807684324871517,1.587684601388936,-3.397405279490341,-1.8389802165188132,-0.9649483396773526,1.1004330846317019,-1.5833419865954164,0.27255119821164214,-2.6753455864626705,-2.9668969618249275,-2.512178828075505,3.6870445985564424,2.630180484286723,-1.0239456284570165,-0.2813672368663526,-0.460764461950759,0.46965219247969314,0.6533678418285673,0.9293217102048986,0.23052486132207076,-3.3273379979922275,-1.5643890209070495,2.0454031726067528,1.6895174713732424,2.1834249175307616,-0.6479288831870388,-0.7603140815025928,3.1974167613309175,-3.5046815513101253,0.29466880257441164,0.4462198748477,1.0140315970806737
numHidden 	4
numGenes 	39
minGene 	-3.0
maxGene 	3.0
popSize 	150
maxEvaluations 	20000
mutateRate 	23.41000000000013
mutateChange 	0.3
seed 	1554644231955
random 	java.util.Random@4d405ef7
neuralNetworkClass 	class coursework.OwnEvolutionaryAlgorithm
Training Set Training
Fitness 0.031727574175054174