-1.3093953351194425,3.177095020578203,0.8602265552923202,-2.4767132908539713,-2.373479928786042,-1.7870061877797139,-3.351832155403334,-3.7734827400385482,0.8621247863654522,2.8919488750508866,0.517403962892244,-4.10044331401865,0.11783504404270737,1.7073244185170078,-1.7583038239926192,-1.7538914698618413,-2.1606135950594902,2.742390644226868,1.1983715290850145,1.2232076813844412,-2.896431291102759,0.061218600647889226,-0.0726170999577356,0.4752446759873629,1.5666872235339695,1.908214586257937,-2.3114463023312015,2.2844096141399666,-0.7706493282941833,-1.941063677022307,-0.03376733713505381,0.8118611958422874,-3.077413175485136,-0.33426818550691356,3.1506490396661757,-3.088785700724995,1.3621192696531876,0.9512044242586971,-1.4634390951225447
numHidden 	4
numGenes 	39
minGene 	-3.0
maxGene 	3.0
popSize 	150
maxEvaluations 	20000
mutateRate 	6.820000000000012
mutateChange 	0.3
seed 	1554565851597
random 	java.util.Random@4d405ef7
neuralNetworkClass 	class coursework.OwnEvolutionaryAlgorithm
Training Set Training
Fitness 0.026923956582609383