-1.851472912656055,-0.8059438220253258,1.9305689237332875,-1.628118290119779,-1.1547203197896787,1.6213290048423918,1.4611417024541913,-0.17658233928800143,-2.575273521498073,-1.8892823736528372,1.4617832982564598,1.8123018151051196,-0.4719864583409754,1.0286785358292874,0.8287231484865033,-1.4208179970141064,0.7294645321104476,-0.3429181614872323,-2.5144262272780047,0.47705349702899286,1.5833988520818845,-0.6873407438598628,1.026908721379952,-3.2233335130275136,1.9273607345110642,1.663533465655305,-2.131591264763325,-0.5109561672097376,-3.1730564072733305,2.4618554868188767,2.209567739759328,-1.9383900862337806,0.819709671396865,-1.4543134583055566,0.6050527857565625,-1.2455732139551792,2.5488399190589255,1.7343457049229387,0.2841634598370983
numHidden 	4
numGenes 	39
minGene 	-3.0
maxGene 	3.0
popSize 	150
maxEvaluations 	20000
mutateRate 	0.1
mutateChange 	0.3
seed 	1554116464883
random 	java.util.Random@6576fe71
neuralNetworkClass 	class coursework.OwnEvolutionaryAlgorithm
Training Set Training
Fitness 0.1253082177271006