0.5937976697354813,3.614282724505175,0.1403851122155307,1.934935294376427,1.1472519733103481,-2.6559247110300293,-1.3527320612008138,3.7651124137582856,2.235114289542639,3.2244297313313277,-0.61279522416438,1.9154876608630895,1.0138666603472861,-0.36839125879871354,-0.6132800077570942,4.531192067511546,-2.0734771811573056,0.8693766955867007,-0.7697470800476613,0.3209711088370812,1.319797505998921,0.19473019403601424,1.731826302404704,-0.22793401919949666,1.1384737783812138,-3.623109027697961,0.7201073191500857,3.955074431690704,0.4381149700515955,-2.3974666977640156,-3.508895688528861,0.6492054149188122,-0.875111318837767,-0.009507083022909452,-2.5672180327023897,2.8197014097914574,1.2830096938563063,1.4028138324420483,0.7769828717996239
numHidden 	4
numGenes 	39
minGene 	-3.0
maxGene 	3.0
popSize 	150
maxEvaluations 	20000
mutateRate 	103.12000000000315
mutateChange 	0.3
seed 	1554563715637
random 	java.util.Random@4d405ef7
neuralNetworkClass 	class coursework.OwnEvolutionaryAlgorithm
Training Set Training
Fitness 0.018703131725548872