-1.2151179178006704,2.1254774081149814,-2.1104092756950052,0.0813396422122859,2.3196806466716904,1.3950214936926013,1.7842373342929152,-2.93302287515948,-1.3126755261691536,2.1704286915484334,0.31905851020500653,-0.3636586150655126,3.2359061361165455,-0.12073344834004152,1.8502736475703583,-2.1457520026671206,-0.5515859516464313,-2.0850319608358783,1.8148621338555235,1.220216672844941,-2.1104842570988787,-0.25308746162521684,1.2028027038578264,1.1417766984521434,-2.228580158919827,-0.6271469525416696,1.1322254737998119,-2.003493439654845,-1.5142814564931038,0.7398781433873849,1.696172438984614,0.6531311958706494,1.3560303368904283,1.6912373516803705,-1.811608959344411,-1.8887580777862707,0.00646164268460234,-0.5670507384281654,0.8163380201590525
numHidden 	4
numGenes 	39
minGene 	-3.0
maxGene 	3.0
popSize 	150
maxEvaluations 	20000
mutateRate 	0.1
mutateChange 	0.3
seed 	1554216482905
random 	java.util.Random@6576fe71
neuralNetworkClass 	class coursework.OwnEvolutionaryAlgorithm
Training Set Training
Fitness 0.09728349261650464