-1.114020788121536,-2.8713166437169835,2.0196085271925264,0.6196154923232207,-2.4887835898287243,-1.104295135560664,2.211134224279083,-2.1982209586423336,0.7327716671977035,-3.479783414673644,1.852924200775903,-1.8921089593144906,-1.8832120015834588,-2.822458458177195,-0.8980658928914431,-1.6681306754919407,-0.4286826055402865,1.5871578647334956,-2.6292280496270894,-1.6457044435764225,1.7562747283651734,-2.3387311297189792,-0.9695493927319377,-2.003346234036891,1.878988881064186,-1.7572528045008002,1.1049483371310624,-3.1919013759138735,3.4027185114892653,-0.30513821915924383,-1.832180157364105,1.268678750860512,2.5270179839950218,-0.21676208572011493,-0.8667406977974815,0.23765545258534354,0.192294662697152,1.7492097650090719,-0.17383181275672036,-1.4410719923546917,-0.3393280449811552,-0.27801848986386934,-1.2287640492222478,-0.6757584693172003,-2.3295650908708723,-2.744919914750981,-1.0115541314084395,1.3001341750464777,0.5559113550608261,0.05533594976305055,-2.930048756771176,0.7642827271426129,0.7149623447543624,3.082059033947078,-0.3038693951034964,2.8660793718047985,-1.2933299532008067,-1.5466876352913375,1.2380208783076467,-0.0015638226800421332,-0.7428480689124094,-0.9302176102919212,-1.3109530181109967,-0.8377071612489696,3.035496967485237,1.3270002064622923
numHidden 	7
numGenes 	66
minGene 	-3.0
maxGene 	3.0
popSize 	150
maxEvaluations 	20000
mutateRate 	399.3000000000565
mutateChange 	0.3
seed 	1554665599137
random 	java.util.Random@6576fe71
neuralNetworkClass 	class coursework.OwnEvolutionaryAlgorithm
Training Set Training
Fitness 0.014792143935276588