3.2310221477597434,1.3386011768910955,3.519856993948276,-1.9559778192001251,1.5836930300707324,0.3280003017339914,-2.136065759091026,3.516142936833829,0.22128959759310612,1.7919951987608185,0.38345246070296013,-0.38383445236623176,2.535449374582188,-0.5886085747866863,0.2889396416427201,-0.1126675832491442,-1.6387653998963931,1.8233244318221187,-1.1295690893712471,-2.1165398701405427,1.256724875561224,2.697244377019267,-0.0021913171181634494,0.181576517618724,1.0867712534094423,-1.9915783263020692,1.9528140926991933,-2.2240114427518214,2.029880793498721,0.02349653964449394,-1.2254297126352611,-2.0953399494702563,-0.6034408530246469,-2.538222047353472,-2.791800395786499,2.607189798320293,1.5971726850820633,-1.1700441115888378,-2.63043660757942
numHidden 	4
numGenes 	39
minGene 	-3.0
maxGene 	3.0
popSize 	150
maxEvaluations 	20000
mutateRate 	0.1
mutateChange 	0.3
seed 	1554116653776
random 	java.util.Random@6576fe71
neuralNetworkClass 	class coursework.OwnEvolutionaryAlgorithm
Training Set Training
Fitness 0.035170073939927625