-1.6818329213893586,-3.0223410828480146,0.6705290283734778,-2.617988627012627,2.901285159771829,-1.0419620090228237,0.6659856022333096,2.847035738490905,0.28166442858455343,-1.0899543920168484,0.7575809242912398,-2.6063760904515236,2.361095248611085,-3.11496005780544,1.8912095879126016,-0.0864652614734598,-1.1108135788851976,0.4943566061273529,-1.7603149587103004,-2.10483429698456,-1.0448389776622262,-0.5153331663246918,0.9236926849324011,0.013744483580020818,0.622850876846049,-0.7859393829511766,3.1671081509828554,-1.0415281587302136,2.18676680556623,-2.151695387166964,-1.5520054580219929,-2.547874542361815,-0.6866405740313984,-3.900119177661764,1.119385758460094,1.426732796459155,0.7170769431585451,0.9593632973213982,1.8105917825093907
numHidden 	4
numGenes 	39
minGene 	-3.0
maxGene 	3.0
popSize 	150
maxEvaluations 	20000
mutateRate 	0.1
mutateChange 	0.3
seed 	1554217188791
random 	java.util.Random@6576fe71
neuralNetworkClass 	class coursework.OwnEvolutionaryAlgorithm
Training Set Training
Fitness 0.0224248313865176