1.26522492286698,0.7631890823775589,1.844565170354268,-3.5149024377672538,2.684720496395676,1.5237222116460378,-2.9459743581599827,1.3168287596074237,-3.231589119818329,2.145561159415743,0.5232629610584228,-2.2391696954440414,3.3320258905721234,4.072356354694943,1.1841072900572724,2.9436549251327175,-0.38116383201347415,0.6082274845159624,3.0660018678177643,0.8636174843162013,-0.6018511512639162,0.1188746902696568,2.800569297021546,-0.023126443964239803,0.23340350386859185,0.9044124548715542,3.0762161155606655,2.6386743039115346,-1.9115151805508048,3.3672351517310246,-1.795320478354642,-1.8762762855648627,-0.04510657875109732,-1.8792062927367579,3.910786858765424,0.3545995768028217,1.3596858490374528,2.3415230854486775,1.0433354197700293
numHidden 	4
numGenes 	39
minGene 	-3.0
maxGene 	3.0
popSize 	150
maxEvaluations 	20000
mutateRate 	0.1
mutateChange 	0.3
seed 	1554563834429
random 	java.util.Random@4d405ef7
neuralNetworkClass 	class coursework.OwnEvolutionaryAlgorithm
Training Set Training
Fitness 0.005673976786686505