-1.3613270322108924,0.7393716389650561,-0.3579597310979833,-1.6701724769774764,0.030359193087515612,1.8320179121173608,-4.899747899215157,3.643740697404674,-3.6795005726881067,3.8398409382953007,-1.7855015544828547,-3.2422104403828667,-3.7906906901463824,-3.6458642945610076,-3.7527690815327666,3.212762035375548,-1.6014505317744283,0.46379905293658813,0.7615148196440994,-0.9384724657346398,0.8153211535503442,-0.41255398563045254,0.13706305712414987,0.44679580621383064,-3.180773614058754,0.8260676435353267,-0.8961066319057862,-0.7989009051042224,-1.0848288200075957,-0.16484232429280832,0.34965022860324435,3.610925531881091,-4.631043719597827,-2.990032200092194,2.0015791915831227,3.1669300998194023,2.1572005292476044,-0.5672554985182194,-1.062295586119123
numHidden 	4
numGenes 	39
minGene 	-3.0
maxGene 	3.0
popSize 	150
maxEvaluations 	20000
mutateRate 	0.1
mutateChange 	0.3
seed 	1554559970626
random 	java.util.Random@4d405ef7
neuralNetworkClass 	class coursework.OwnEvolutionaryAlgorithm
Training Set Training
Fitness 0.019218680649652743