-2.3715949374388687,-2.757944890181105,3.0532249661611153,-3.294408747524631,1.202671003177931,-0.09824865409290676,2.457847041861606,-1.0680483308810609,-1.6228413108904294,-1.0505622579783882,3.2692018457648864,0.6883188828266752,2.3578557322977303,1.8253743870403758,0.8518864818424272,-1.1938539025684962,0.1394236770861782,-2.3241823916448996,-0.12559465037237927,-2.571975495293508,0.13295755880590185,2.6735945379097337,-0.41049883141165466,-2.3703785810974964,-1.8853012852446855,0.3665447997401815,2.579222766538017,-3.0741598560017955,-0.6956251177877992,0.4427714604567945,1.743363417233969,-1.6160552361661273,1.6278753774589618,-1.1541404098798158,0.7096717194948644,-0.577612757215996,1.7974848658584517,0.4981757521490665,-0.7974171043364343
numHidden 	4
numGenes 	39
minGene 	-3.0
maxGene 	3.0
popSize 	150
maxEvaluations 	20000
mutateRate 	0.1
mutateChange 	0.3
seed 	1554291136619
random 	java.util.Random@4d405ef7
neuralNetworkClass 	class coursework.OwnEvolutionaryAlgorithm
Training Set Training
Fitness 0.015039016266799427