-1.90547498939925,-3.092034671795325,0.5666181591302208,-0.8907096255342999,2.262280935343537,1.4363546942466487,3.542231491139253,-1.5823538912101494,0.172988378083792,-3.958122373170926,1.5827639177893063,-1.040785735666355,-1.336657838671051,2.2793547733942225,1.4290331947367738,-1.4007542554610242,1.1675966056540115,-0.2914965811485415,-2.5923716500369176,-0.7851897885296514,2.0371511871905787,-0.011307730762708093,0.07399622044039378,1.3576649973965573,-0.5540156957140938,0.595839656220186,3.074474357241284,-3.0427853581736586,1.2520228039683237,2.145208992937253,-0.8198665972693382,-1.1265214067587266,3.6253850938749785,-1.3088399648124083,-1.1120858495918742,-1.9912867227555349,1.3497398020487799,0.2916976411397825,-1.3960867638812315
numHidden 	4
numGenes 	39
minGene 	-3.0
maxGene 	3.0
popSize 	150
maxEvaluations 	20000
mutateRate 	17.109999999999893
mutateChange 	0.3
seed 	1554644361423
random 	java.util.Random@4d405ef7
neuralNetworkClass 	class coursework.OwnEvolutionaryAlgorithm
Training Set Training
Fitness 0.033368795467812074