0.7164506113642716,2.140194628921444,2.5439246404592852,-1.1737492246490007,-2.172214029654618,0.46445076970451865,-2.191557891806,-2.1864077204322876,-0.26995354080116885,3.602963135258482,-4.330069075381988,0.005846548770573001,-2.1103741681875783,1.3300384532208698,2.488502744725249,0.4765622924334559,2.1541323638983774,-1.6042301166759216,-0.08993906670649288,3.04633473209342,0.007795180912635147,-0.3576058878798187,-1.84858154798021,-1.6574979215603607,2.365524850662935,-1.074724190974513,-2.3892478672341673,-2.481895417128952,-1.883021903716621,0.49653235703360404,-1.5340272070367256,0.2708816652000202,-0.17316140263083155,-1.5605359863988808,3.208119973631191,-2.177790540327799,3.1836046142180043,2.308819689703761,-1.2407802557740581
numHidden 	4
numGenes 	39
minGene 	-3.0
maxGene 	3.0
popSize 	150
maxEvaluations 	20000
mutateRate 	0.1
mutateChange 	0.3
seed 	1554217638643
random 	java.util.Random@6576fe71
neuralNetworkClass 	class coursework.OwnEvolutionaryAlgorithm
Training Set Training
Fitness 0.10145850593826786