2.1853090543614537,-1.8292309581782065,-2.271517729864987,0.5061294172937777,2.7696014554039845,1.6930430909845855,3.1416655042934427,2.08906763562641,1.1111619298455422,2.4636614081379298,-0.7666727389971855,1.733603093731781,2.0550418919922433,-1.1742292836467607,1.631768964974343,2.10453601355027,-2.981024031025856,0.5232614872378658,-2.0942467131700506,0.7336836954812888,0.44025100070148354,2.0164829448001047,0.5432223768978492,1.0566780067941703,1.9377375373838792,-1.867882777164883,1.3363604724767761,0.5979710320915465,-2.4201601603008993,-0.06432879012777233,-2.3357266203242544,2.8990180036738513,1.5770843933003333,0.461642288179541,-0.7500864455147477,0.18258563089019234,0.011145129227802184,2.627722706406104,0.15863023357955666
numHidden 	4
numGenes 	39
minGene 	-3.0
maxGene 	3.0
popSize 	150
maxEvaluations 	20000
mutateRate 	79.42000000000225
mutateChange 	0.3
seed 	1554563475721
random 	java.util.Random@4d405ef7
neuralNetworkClass 	class coursework.OwnEvolutionaryAlgorithm
Training Set Training
Fitness 0.04501939684908389