2.2861226163236195,-2.4545544714825978,-2.480159629001468,-1.959647832216024,1.4092950101623445,2.71596477513113,0.07779035267988754,-0.8693928433079497,-1.4395861472658111,-0.18916263195420485,-0.5650936802112942,-1.0910649649454198,0.8253789721801805,2.208241160999342,2.251417363853981,2.3613824073272944,2.8084894402742466,0.20577401517067617,-2.4823713849746825,-0.6808797307919939,-0.7890065098131775,-0.5945923715298839,1.8104155540285083,-2.4192267824973626,2.719028450808199,0.9953870028363447,0.019843996129998376,1.5827400359724213,2.824703177356745,1.6704839858125076,0.29795866412390515,2.1840760224399305,2.3808847812463605,-1.082725074058141,-1.1315149544102985,-1.5194566309918032,0.40120623599954064,2.523778141085942,-2.512110751438227
numHidden 	4
numGenes 	39
minGene 	-3.0
maxGene 	3.0
popSize 	150
maxEvaluations 	20000
mutateRate 	0.1
mutateChange 	0.3
seed 	1554215658306
random 	java.util.Random@6576fe71
neuralNetworkClass 	class coursework.OwnEvolutionaryAlgorithm
Training Set Training
Fitness 0.1076578415976819