-0.5577410505429197,3.1730922380567232,1.1294320187547444,-1.296188749809246,-1.9515502715429998,-2.716036735708618,-1.5527963224371686,2.444695522998759,-2.0141675264668644,2.885971370805026,1.7049778314119695,1.988127780519593,-0.616372296229935,-3.181964082816367,2.4955566879352538,1.1060073321303026,-0.8728903550093352,-0.7666004654345053,2.372991291883212,-2.1078146533796756,0.7534971576805073,0.12282161229288042,0.08531562776805637,-0.34934244380295687,1.5044242971019803,-1.2104293167514417,-1.9913114463479251,3.46278412573431,-3.249584358867084,-0.9546750341040571,1.2593385141073956,-0.04720723027368877,0.3496165849957879,0.06512190883595899,-1.184129732133516,1.4756698285577337,-0.9815720850729541,-0.6872548581247051,1.5937920182191223
numHidden 	4
numGenes 	39
minGene 	-3.0
maxGene 	3.0
popSize 	150
maxEvaluations 	20000
mutateRate 	19.100000000000136
mutateChange 	0.3
seed 	1554318446101
random 	java.util.Random@6576fe71
neuralNetworkClass 	class coursework.OwnEvolutionaryAlgorithm
Training Set Training
Fitness 0.010629283098823971