-1.1516624656841143,1.5526579881471232,0.24636897946367034,1.9914405595866818,-4.095887802663122,-1.9252573541689708,2.6348622535060158,0.34836849717976176,0.6226522850423544,3.055744745924775,1.8463747251070934,3.101226050482363,-1.3492856314755546,0.7579639537424951,3.6345541681551516,-3.3585081226951283,1.5254613123519447,0.8201279091755631,1.1716503667058014,0.25670903309528215,0.4103905799823468,0.16688962940732935,-0.5660594605715102,-0.47839413254094526,0.8427499083584887,1.0242917634051578,-3.587534017605153,3.470363602731434,-1.7306294149222066,-2.1975091493047154,1.1871417101498658,1.278994517749616,1.4913111155434489,0.9418265583248445,-1.6868048535168718,-0.4816500260964498,-0.1269406238881271,-0.3753515479332339,2.1112098036779954
numHidden 	4
numGenes 	39
minGene 	-3.0
maxGene 	3.0
popSize 	150
maxEvaluations 	20000
mutateRate 	0.1
mutateChange 	0.3
seed 	1554565180279
random 	java.util.Random@4d405ef7
neuralNetworkClass 	class coursework.OwnEvolutionaryAlgorithm
Training Set Training
Fitness 0.006565089443302577