-1.0842906698704529,-0.23354091381296654,2.016728468323045,0.15130417458821202,1.6272087633552919,-1.144823447006028,-0.7944638457521389,2.781827864620013,0.021857217268217655,-1.5829203733432986,2.556121347495592,-1.8101713025262893,1.0615138713638315,-3.0568110390803023,-0.06274108876255494,1.0650260187471854,2.275511538183411,-3.034638543321732,-0.7098029035646771,-1.6459116912971075,-0.5157840233230496,0.5183250750098104,0.7630358278907527,0.31444573583547664,-1.9748582394064917,1.1284604369631983,-0.02236025036814307,-2.0157823142653357,2.9849966017444194,-0.8794535866317122,1.5021403946637037,-2.9583357062982634,-1.5833175313400827,-1.7353002611655546,-1.8887725428871827,2.330187332914426,-0.657710326841203,1.846130902192764,0.5024758337294941
numHidden 	4
numGenes 	39
minGene 	-3.0
maxGene 	3.0
popSize 	150
maxEvaluations 	20000
mutateRate 	0.1
mutateChange 	0.3
seed 	1554218884988
random 	java.util.Random@6576fe71
neuralNetworkClass 	class coursework.OwnEvolutionaryAlgorithm
Training Set Training
Fitness 0.011412312233450086