2.3670712894666632,1.2797437453031215,0.06727897003123429,3.618305275380386,-0.16538373181001387,1.2759642174327466,5.236918704808113,-0.7587400062033626,0.6585662224670625,-0.9217278134508149,0.03399350295530651,2.0311146409348853,-0.8981733873766873,1.697263939827965,2.1159667750011564,-2.5915152689033487,-2.6408688219026337,-1.9434164876215498,-2.2687752639267584,2.680431491607023,0.8155104742383537,2.803303012672876,-0.9892362307443361,-0.892025576876088,-2.6300116748237086,-2.7465672879787264,-0.93009437527686,-3.8940515590087625,-1.8366956775101848,3.1121771813802668,-3.9651117132773623,-2.574229105530089,5.356227959746121,4.6076818640219415,-1.6466852733370345,-2.1210771572146623,2.6447774651154066,0.8162562575075192,-0.3985522256482104
numHidden 	4
numGenes 	39
minGene 	-3.0
maxGene 	3.0
popSize 	150
maxEvaluations 	20000
mutateRate 	66.91000000000177
mutateChange 	0.3
seed 	1554565280634
random 	java.util.Random@4d405ef7
neuralNetworkClass 	class coursework.OwnEvolutionaryAlgorithm
Training Set Training
Fitness 0.04162685426970208