1.173454682794137,1.9603085983953061,2.3157073433996866,1.218744124250554,-1.3279075521443182,-2.735853012966631,2.809325456990908,-0.8058443526037695,1.9859636197024786,0.16109496594781714,-0.85432990949982,-2.3811201838044505,-1.0045259659525683,-1.3485762694271992,2.5885165834981816,-2.43446738162623,0.4659182060060044,2.444507511780316,1.2914969267151648,2.2395848884359078,-1.0951937462472991,0.48980113827329497,-1.3642615594878853,-1.1207163398599593,-1.2272817458024996,-2.7094922639436136,-2.2611814674419666,-2.6554191862835035,-2.9514246325664506,-2.4046090590189304,-0.9699783224398697,-2.4198642564281556,2.77218049639938,2.6538774236254072,2.625196140151973,-2.5216217414967197,3.36968749487442,-0.8075833449767356,-1.993698753828341
numHidden 	4
numGenes 	39
minGene 	-3.0
maxGene 	3.0
popSize 	150
maxEvaluations 	20000
mutateRate 	0.1
mutateChange 	0.3
seed 	1554116826116
random 	java.util.Random@6576fe71
neuralNetworkClass 	class coursework.OwnEvolutionaryAlgorithm
Training Set Training
Fitness 0.09792668076843673