3.1921649944643624,-1.866760735465657,0.035387674844161665,-1.1371942359775364,2.820011440073572,2.4144186179950085,3.8106175352749365,5.3658200855192835,3.092984822252161,-2.7991383650529578,-1.9872595889015572,0.45462676754040876,2.0073913900036935,0.8943728480360638,-2.198026204442451,4.340120528527148,-1.2540186413746097,1.0772398574047288,-3.39007523763755,-2.531541999401981,0.028114111885068516,-0.7991640988251331,-0.5124147466832963,0.49011613156924716,2.2588088236833666,-2.2064832667724903,3.7051281834147067,-0.44416350026154006,2.364246645321808,1.5614729443076678,-1.6417461398368278,-1.0616139169890728,1.8289185531992267,-3.052680727689058,-0.06276527581077546,3.4112388142213756,0.4919243544068872,0.02107602880705048,-0.6020781932922752
numHidden 	4
numGenes 	39
minGene 	-3.0
maxGene 	3.0
popSize 	150
maxEvaluations 	20000
mutateRate 	101.39999999999638
mutateChange 	0.3
seed 	1554661661921
random 	java.util.Random@4d405ef7
neuralNetworkClass 	class coursework.OwnEvolutionaryAlgorithm
Training Set Training
Fitness 0.026129191537008663