1.8914478162638309,-3.176825038176265,-0.7725276549287557,2.540518206340542,1.3647855668479416,0.7021263988492031,-1.9890234519723335,-2.2171637178667676,-1.2428474204609445,-2.6181871342127194,-0.5881066682778638,1.90239689025718,-1.3528173882449857,-2.397077398303453,-3.5022740997039774,-1.085715058587214,1.7090802883878293,-2.180763629400344,-0.43802440226806116,0.8278013214098245,2.233293114570095,-0.48497283033369065,0.8753088769146664,-0.03594943838517496,-1.4922200938353396,-0.6909355539431091,2.909393184757428,-1.2716207885546615,0.40988090345146344,-0.4637158662636794,-2.328117670025708,-1.3946655844963443,-3.1959328062660384,1.5142068507661364,-2.36957257290297,-3.545516318100355,1.768123383503275,1.9467586062394668,-0.8709684338849272
numHidden 	4
numGenes 	39
minGene 	-3.0
maxGene 	3.0
popSize 	150
maxEvaluations 	20000
mutateRate 	184.0500000000076
mutateChange 	0.3
seed 	1554647169570
random 	java.util.Random@4d405ef7
neuralNetworkClass 	class coursework.OwnEvolutionaryAlgorithm
Training Set Training
Fitness 0.01926459452494872