-2.968602580637257,2.129980221872626,1.747800960767194,1.1083994559124033,-1.9948815179002906,0.1672490200132686,-1.7512599687425237,2.0164382595935666,-3.909623727101459,3.127662826592248,2.710793236546277,1.290740345342312,-2.371879088506756,-1.0356190941420431,-2.464484006602357,-0.7026870416185715,0.5932991777279536,0.8089024265151582,-0.009411183584425886,-2.2946167741443344,-0.22668753638530265,-0.6330143386512062,0.38641597567617836,-0.7982122269567334,-3.0243711840636758,2.0684944379279147,-1.0039317028562165,1.2776654936796554,-2.198974026813333,0.9136843347845349,2.8098503619694934,-3.536746153126799,-1.677358952106034,3.164463076811447,-0.9272429141624277,-0.583232845364564,2.0405175625829157,-1.3444004165391277,0.44060592568499035
numHidden 	4
numGenes 	39
minGene 	-3.0
maxGene 	3.0
popSize 	150
maxEvaluations 	20000
mutateRate 	23.800000000000203
mutateChange 	0.3
seed 	1554560777261
random 	java.util.Random@4d405ef7
neuralNetworkClass 	class coursework.OwnEvolutionaryAlgorithm
Training Set Training
Fitness 0.01383020267216126