1.6755754770311424,2.6552110650224563,-1.3339337775600493,0.5294728617056226,-0.6486479503097646,2.2133202815440893,1.1802916126042584,2.7831577645756784,-0.18402592403671175,3.6141540647142514,-0.6446241358906268,-1.8465820096681207,-2.679873518687953,-1.5264012140021994,2.0086751187037923,1.1264963002153887,1.9002357482176788,-0.21608954453477108,-1.7940145791232107,1.2951447517892598,-0.6038048312129093,-2.0102134904888027,1.6784984885302396,-2.862753991551359,0.5856665883600398,1.2063402074751066,-2.334187347220275,-1.436867167032812,-2.030346784167984,1.6174611885411163,0.6766181002604519,-0.06341497481507016,2.42046489314261,-0.07456390373819202,0.5846740676616,2.36639793951878,3.1436830637247266,-0.21625367405763318,1.3784457449719376
numHidden 	4
numGenes 	39
minGene 	-3.0
maxGene 	3.0
popSize 	150
maxEvaluations 	20000
mutateRate 	0.1
mutateChange 	0.3
seed 	1554216665708
random 	java.util.Random@6576fe71
neuralNetworkClass 	class coursework.OwnEvolutionaryAlgorithm
Training Set Training
Fitness 0.10234674612373276