-0.08172158424825635,-5.231273920558937,-4.308598229282891,-1.3114668746381197,4.1335012620143,-2.672922795079901,2.727406239583877,3.8828991858548254,-1.85771655325116,-2.0923601030486907,-2.539723745953981,1.133962112976158,3.671489946248673,-2.875530873845756,-0.5968397957304024,3.343308574226541,-2.0431656857205236,0.8512886052421347,-1.5359845400165952,-1.7524872484939393,0.19757459455535098,0.21364077747827978,-0.5149073509668296,-0.2397130617308878,-0.8593798230975839,2.4015804397822116,2.3716568180001074,-3.080632652920863,-1.8250058968604963,-1.3764419193584843,-1.790437842788935,2.199431885783594,1.2018128456769988,-0.39431754619473686,-1.2655293231973144,4.380139754029236,0.3954419029693915,3.348580549511552,1.9859252951425839
numHidden 	4
numGenes 	39
minGene 	-3.0
maxGene 	3.0
popSize 	150
maxEvaluations 	20000
mutateRate 	7.960000000000021
mutateChange 	0.3
seed 	1554564296969
random 	java.util.Random@4d405ef7
neuralNetworkClass 	class coursework.OwnEvolutionaryAlgorithm
Training Set Training
Fitness 0.03852068386515374