0.16501732825343662,-1.2208045337401112,-2.2860322241513797,2.2953883231148495,2.408242127205481,-1.163645062929377,3.1409138714040874,0.8797571566396107,-0.39872260677239374,2.7858320883437573,-2.503925748898726,3.8687659813079662,3.7810423120869294,0.9745893351406664,-3.3041340974289612,0.005223342018709956,0.16375183786530623,1.4521438859556204,-2.6638650991471193,-0.48344519225329485,-0.22277582744137686,2.5039431652530446,0.38651786968914814,0.47995304466001115,1.9183528753654446,2.1123255327814854,3.082950256650774,-0.09339402638173609,2.3672801462017103,1.4930426909748455,-2.0705642342625046,0.15267301252283588,0.3223257404059239,2.388549312122499,-3.125000060444744,0.4908580421850154,-0.4750144703487644,-0.39506403445747224,-1.379441592578207
numHidden 	4
numGenes 	39
minGene 	-3.0
maxGene 	3.0
popSize 	150
maxEvaluations 	20000
mutateRate 	64.57000000000168
mutateChange 	0.3
seed 	1554645997331
random 	java.util.Random@4d405ef7
neuralNetworkClass 	class coursework.OwnEvolutionaryAlgorithm
Training Set Random
Fitness 0.011094010171976297