2.3668575473818723,3.247522224648125,-0.7414342501541651,1.4850369577956803,-2.49025551756608,-2.265481001086691,-3.495533622485651,-1.7118555068728918,-0.003255054837906307,1.4341007346217054,-0.46950039863229315,3.026029739090224,-1.1863359608934505,-1.2318290033836257,-1.84286401861674,2.049202201801835,1.5226819805893819,-0.3020379646237191,3.102030130340559,3.148459807788427,-1.5487670718256983,0.7584893779745862,0.1187130719460737,-0.4394931904592145,-1.5926413372254393,-2.1472435839155914,-3.05483101450744,2.6771908844611203,-1.2577061482282716,0.48178210957967105,-2.425839230148882,-1.4364853251073626,-2.8148670925417085,4.060514529186567,-1.0815279137267475,0.4323297672633314,1.998964265301275,1.6743094459337766,-1.5407264384356671
numHidden 	4
numGenes 	39
minGene 	-3.0
maxGene 	3.0
popSize 	150
maxEvaluations 	20000
mutateRate 	0.1
mutateChange 	0.3
seed 	1554215427504
random 	java.util.Random@6576fe71
neuralNetworkClass 	class coursework.OwnEvolutionaryAlgorithm
Training Set Training
Fitness 0.0633384220409418