-3.0323000895277987,-2.2456903424151236,0.06999661959200842,0.7910049841009047,0.6669864653783297,-2.290692673662354,-3.3467246567793905,-2.176828104738119,-2.4060937820957986,-0.03174571034991394,-2.4338194155719357,0.2272365100662136,3.2605534129780036,-2.307804930875976,-2.337156839774607,-3.502094611310973,0.44396032756739046,0.2583290524955669,-0.46401687601720026,1.3373065503706363,0.9999931292330705,-1.039508521892311,1.7790650262932968,-0.4335919359444218,0.012868116313513756,2.697468065315371,1.9561900994548,3.419556649835351,1.7776795374619483,-2.0238686160312764,0.44564929385074137,-2.1591075163200664,-2.225143998575362,1.3127829900145076,-0.3848056322484281,-0.0664548055344159,0.7960508811827617,1.1604260065872858,-1.1126075910457331
numHidden 	4
numGenes 	39
minGene 	-3.0
maxGene 	3.0
popSize 	150
maxEvaluations 	20000
mutateRate 	0.1
mutateChange 	0.3
seed 	1554218097925
random 	java.util.Random@6576fe71
neuralNetworkClass 	class coursework.OwnEvolutionaryAlgorithm
Training Set Training
Fitness 0.025477311153277015