-2.1150825391346486,3.7808596369510807,-2.245068958802818,0.5054203432088774,4.028174579973319,0.5828778360943403,0.784036180990886,-3.234854754506341,0.8908840601553719,5.334115465073408,-1.2141133205088723,0.7883956955754052,4.8194295145836135,-1.3246549613891878,-1.8763415177947458,-2.078517151941422,0.38195758697815463,-0.9769643979671594,-1.4022623692681624,0.834376477914904,-0.06218716483795938,0.21520899296590928,0.5668937631058837,0.7197276848076413,1.0371883660722836,-0.6118548595136425,2.6541275502469985,-0.529191295547552,-4.988792972240822,-0.5609970249678508,-3.8980527973092904,-0.5650593499387551,-0.2966134215984413,-2.2356768493418273,-1.1265538542214848,-3.8462551455986618,2.79291900785544,1.2497474619490303,2.3661084241921877
numHidden 	4
numGenes 	39
minGene 	-3.0
maxGene 	3.0
popSize 	150
maxEvaluations 	20000
mutateRate 	7.649999999999981
mutateChange 	0.3
seed 	1554558210728
random 	java.util.Random@666be4e0
neuralNetworkClass 	class coursework.OwnEvolutionaryAlgorithm
Training Set Training
Fitness 0.008498173027640414