1.8755718285704182,-0.22846282900986817,-1.9316894635190154,-1.7391885989997038,1.9175597541489662,2.9463283383438905,1.5226980760270235,3.0183597170584653,2.49973820385536,0.4549254522683668,-0.8794864942753636,1.651584808682975,1.7717977694768785,0.9939003331793119,2.6593563145542993,2.548492746854826,-2.8171104891398455,-2.093594744630748,-1.5677483949263884,1.019116640399453,0.5235938504621422,-0.3146361101903584,-0.02651308857101145,1.2144839677633152,-0.6642787784617723,-2.4967028104296674,2.2893648375806506,-2.059118295462252,1.1750371235905033,2.1805018021065345,-0.19888283658176953,1.897835513650746,2.2950647292280753,1.941740887727173,-0.6550315486665572,-0.3316429341370974,1.9766932504644048,1.3896766350229857,1.0059867684024302
numHidden 	4
numGenes 	39
minGene 	-3.0
maxGene 	3.0
popSize 	150
maxEvaluations 	20000
mutateRate 	0.1
mutateChange 	0.3
seed 	1554114280816
random 	java.util.Random@6576fe71
neuralNetworkClass 	class coursework.OwnEvolutionaryAlgorithm
Training Set Training
Fitness 0.09879727629867552