-0.2887239670659785,-2.0373346460223605,1.349682572637548,-1.1317302567395222,-0.5915213061539513,-0.89887707773298,1.2780685993274417,4.4533233661341445,-1.4534054231554738,-2.7603786013549882,0.23695022702010413,0.1884877907945544,-2.0668631240624578,0.1892673745139677,1.2641448299627558,2.7948974647006466,0.33718414444355266,0.3128048994059567,3.563822323724703,-1.9279363547258908,1.524507759168617,-0.08076039248216606,-2.075286714363634,0.005015451062407847,1.7517651212615244,2.2389094921201242,0.4794012309302715,-4.853766394372162,4.138938808916858,1.4222026870117879,2.431110683078792,0.3120448312877582,0.8463716094446687,-1.0946281225915124,-1.3924507593065996,4.256330452552513,-1.1863864246189038,-1.2160763454240766,0.40700678893616893
numHidden 	4
numGenes 	39
minGene 	-3.0
maxGene 	3.0
popSize 	150
maxEvaluations 	20000
mutateRate 	68.68000000000184
mutateChange 	0.3
seed 	1554565017867
random 	java.util.Random@4d405ef7
neuralNetworkClass 	class coursework.OwnEvolutionaryAlgorithm
Training Set Training
Fitness 0.028771177986368964