2.0814084817891896,-1.3409659533453258,1.713451823174639,-0.7783193120044272,0.2121274278036849,2.548251032539636,-2.701946478287095,-2.0661950963305546,0.8635847192392311,-1.6892316868151367,1.0556467687628455,-0.7122114470941722,2.3100542504184567,2.874367469073631,-0.5276599836661648,-2.0529220434570123,0.8520515387781047,-0.5496619537361198,1.1881692011226603,0.8476077993266504,2.5919201769398517,0.36346460343786724,-0.7999561559705294,0.34387909184651555,1.1301403533086138,-2.4829412087655722,0.7990217699614093,-2.3205793738967637,4.1390238581037355,1.4769053197048367,1.0374066547305845,-0.6168671085743865,-0.22639966771405118,-2.685922400537611,2.3751850212443824,-2.0044384716600283,1.682420073229539,-0.1518848495473692,-1.1512383297039714
numHidden 	4
numGenes 	39
minGene 	-3.0
maxGene 	3.0
popSize 	150
maxEvaluations 	20000
mutateRate 	0.1
mutateChange 	0.3
seed 	1554118754202
random 	java.util.Random@6576fe71
neuralNetworkClass 	class coursework.OwnEvolutionaryAlgorithm
Training Set Training
Fitness 0.026434807324394568