1.3529392100501012,0.057127772776026944,-2.135572124192742,-0.8506760291741194,-2.89026285309873,2.95023607894333,-0.7335604160238866,-0.5058987949647011,1.5833523775612472,0.3846804812522701,-2.780145834195829,3.5245956950672053,-2.5948258459477436,3.0382065946731913,0.8214782333399963,-0.22396233984417455,1.2693718649691006,0.2877205582188466,0.624168801356938,1.3432802298437094,-1.7024387299702755,-0.5140287428289212,-0.8341971310594818,-0.8930536057639291,2.6742108027766047,-1.1391696295513078,-2.0764923781372664,0.6873775975069865,1.8581039263819423,3.4799452624268836,-3.385179315568847,3.068776753829617,-0.7021252845426813,1.600642590817524,-0.08913252361194302,-1.2751682854303676,1.3277052028013339,1.4331434457710706,-1.7765574420437003
numHidden 	4
numGenes 	39
minGene 	-3.0
maxGene 	3.0
popSize 	150
maxEvaluations 	20000
mutateRate 	110.84999999999584
mutateChange 	0.3
seed 	1554558142030
random 	java.util.Random@4d405ef7
neuralNetworkClass 	class coursework.OwnEvolutionaryAlgorithm
Training Set Training
Fitness 0.01442115814669447