-3.566084170110837,-0.8687729204753329,-3.0465030556184796,1.5795034900277538,2.472145682639333,1.229007832560151,-0.5733752672479977,2.04011837080124,3.1694297071571857,-1.0494996419381735,-0.2741383754500593,-1.178400966969825,-1.6481169185916593,1.7613397843112115,0.06713947542747284,-1.3517696430088144,-0.8303090894126968,-0.30364299723283994,0.5602561376445492,3.689723401213344,-0.7798746022491843,-1.0899341910218467,1.6203015803584988,-1.8292185112324635,3.308749227884856,1.8879937643392648,0.985379250359864,3.3651523006609354,-2.2458239125667756,-1.1976761223243235,0.6390219273376676,-2.5455569761699723,-0.1731763735699684,1.2305450563171163,1.362717869501291,-2.5945043063558617,0.42450196746419827,0.07947278816674605,-0.6619858572700598,-2.5286217165803815,1.093245437931475,-0.528581567752745,1.8750552657583068,1.050349084186979,-0.6856659418135544,-1.607911345362992,0.5963734280958042,4.490521058881846,-2.0709703970280846,0.9074700891533137,-3.024345247545466,-1.3978616719939199,-2.7592064527102096,2.010317020881601,-1.7615987519041736,2.084223865281145,-2.162066823097059,3.0432276808675773,-0.743663778755682,-1.601191797148153,1.9926915296704273,1.6494096743786357,2.6957463751946635,-2.271601105179975,1.104500512492033,-0.5058435894887968
numHidden 	7
numGenes 	66
minGene 	-3.0
maxGene 	3.0
popSize 	150
maxEvaluations 	20000
mutateRate 	99.09999999999651
mutateChange 	0.3
seed 	1554664727798
random 	java.util.Random@6576fe71
neuralNetworkClass 	class coursework.OwnEvolutionaryAlgorithm
Training Set Training
Fitness 0.0185176069638877