-0.07567016148208729,2.182140788483891,-3.7647541756923544,1.8042585525671868,-2.441727230405966,-2.0142914262826066,-3.3576659331427687,-3.757099164718918,2.4026950409296877,1.0873549945324517,-2.362766441834091,0.31883555210622316,-2.8178019049759166,2.4686860195487115,0.6557340813458153,-3.289307183302807,3.070940137135102,-0.89629199984928,2.1468805023756055,2.154176015748736,-0.7642895044037998,1.8644782461384277,0.7419529471630129,0.2756572450712189,3.309203522652519,-1.308703664442033,-2.0911362710389176,-1.2126422411642137,-4.118876761114713,-0.17271829159551672,-0.6660444900693279,2.786767972315137,-2.751391325919787,2.3754209332844596,1.5381854341144354,-3.0395754140638234,1.0346962322077293,1.3006712261430933,1.1356640457516705
numHidden 	4
numGenes 	39
minGene 	-3.0
maxGene 	3.0
popSize 	150
maxEvaluations 	20000
mutateRate 	45.61000000000097
mutateChange 	0.3
seed 	1554644295183
random 	java.util.Random@4d405ef7
neuralNetworkClass 	class coursework.OwnEvolutionaryAlgorithm
Training Set Training
Fitness 0.034727778316416484