-1.514098595563138,-1.207889306282591,0.6113744018895007,2.1599315989445405,0.2494486399613965,-3.4952105655058485,2.6088024988015017,-2.3446911168883817,1.3107017200072477,-2.3893686723698604,0.29066221447434026,1.8879914593584373,-0.3295892776167291,-2.0812539701286163,3.0059793226797407,-0.5271236895220639,2.1373032904774236,2.103499684017451,0.4603873555803085,2.295649997579695,2.8356525864610544,0.24952567304060136,-1.0825512687049863,0.058021991490219915,0.31201724124617963,0.36203299030030295,1.8327566250089646,0.7870958997052204,3.001128521646581,-2.367868999995295,-1.0259608575068238,1.7926188319415797,2.409574507844035,3.2765178271796285,-1.5410317091149337,-2.0508141720393764,-1.7134306083896462,0.38232686894098045,0.5493969220066893
numHidden 	4
numGenes 	39
minGene 	-3.0
maxGene 	3.0
popSize 	150
maxEvaluations 	20000
mutateRate 	0.1
mutateChange 	0.3
seed 	1554116030491
random 	java.util.Random@4d1d1885
neuralNetworkClass 	class coursework.OwnEvolutionaryAlgorithm
Training Set Training
Fitness 0.01702304121648816