-1.6751670480038836,-0.14451770511386364,-1.1233070921830783,2.5553625770549946,-1.8784130681098525,-4.184856029453605,-2.6098945565406484,-3.3679066354988643,-0.3233532973172414,-0.5494806734655262,-2.572616070697108,4.096750346358701,-4.199724931275807,0.8926536497170237,-3.5394006517911687,-2.750774409648551,3.4845849976171763,-0.0730484548939983,-2.0407371230862283,1.4814444123225792,0.5581194614754383,-1.4296766170898823,0.3283930643156239,0.13768322616126422,-2.8267078382743716,-0.016371914332528825,-2.58424159633574,0.484438990795503,0.2640060640843537,-0.9870167665477138,-0.17696388450177492,0.6008815923727662,-3.254984458556947,2.4141823906688953,-4.374268987179186,-1.9563194793907963,1.8615997143080671,0.3497858562078241,1.7002676190180825
numHidden 	4
numGenes 	39
minGene 	-3.0
maxGene 	3.0
popSize 	150
maxEvaluations 	20000
mutateRate 	28.780000000000335
mutateChange 	0.3
seed 	1554645565460
random 	java.util.Random@4d405ef7
neuralNetworkClass 	class coursework.OwnEvolutionaryAlgorithm
Training Set Training
Fitness 0.022923827140464384