-1.9785530422896214,2.0289484129874564,1.103202513006823,-3.2812082705942562,-3.45406505918969,-1.6740056014321036,-3.291830386367815,-1.0418145782968171,1.166488854666332,-1.989280445430212,2.7213314764992753,-2.8109343366492006,3.208893564871789,-1.003237264253777,-2.7725370667274443,-1.2616102899408108,-2.295848340173046,-2.287067801296366,0.7009705740393266,-2.062234839741471,0.8550836418140403,-3.0023910617536087,0.17726320930055087,1.0809572585083553,2.5722521452924916,-0.860590682464828,0.973098413085309,-0.14896070416428547,1.226555146874905,-0.46295626073742,2.039612531696202,1.9537909070559536,-2.7494485198890652,-1.8819888444680029,2.908252144003554,-1.4292063495002463,2.1977453429602893,0.18497200452259183,0.2665654417789875
numHidden 	4
numGenes 	39
minGene 	-3.0
maxGene 	3.0
popSize 	150
maxEvaluations 	20000
mutateRate 	71.89999999999806
mutateChange 	0.3
seed 	1554561392149
random 	java.util.Random@4d405ef7
neuralNetworkClass 	class coursework.OwnEvolutionaryAlgorithm
Training Set Training
Fitness 0.02905104724009786