2.529284520851927,-2.348899383008852,1.801439643685435,-3.3270317234778637,-1.7307414045337535,0.35604742430679703,2.5896898748711084,2.9830918977688716,2.0262540792610446,3.0566096172299675,1.664422919794614,-2.7136400077216973,-1.9488623281628275,2.3279940076242576,2.62148929831149,0.6204442423063137,-1.1318095201567788,0.2702981814914002,-0.9762197060616464,-1.6177413200049777,0.9406897005211059,-1.8320765533677568,0.1916696243555,-0.5130445412466601,-0.3993384967055014,-3.29475447713028,-1.0436363845408978,1.1686364418739685,-1.3784069887191344,0.5450667291275916,-1.2327851328865354,-1.4003386277931777,2.50733736983552,-2.678819979088519,2.2029277582103215,1.210819436296909,0.3058899606074244,1.6313418242333682,1.1565682377093414
numHidden 	4
numGenes 	39
minGene 	-3.0
maxGene 	3.0
popSize 	150
maxEvaluations 	20000
mutateRate 	0.1
mutateChange 	0.3
seed 	1554114766932
random 	java.util.Random@6576fe71
neuralNetworkClass 	class coursework.OwnEvolutionaryAlgorithm
Training Set Training
Fitness 0.011480680832028693