-0.9532872783307679,2.5568682405039245,-0.24301173131210846,1.2802342684653811,0.06631420207166208,2.550339486868382,3.7854697789561276,4.012717738610641,1.456615400417522,3.880475165690122,-1.8945431419888545,1.8010758482814482,-2.6668279503715246,-2.1660923316980396,4.104568009092663,4.665444598489729,1.552416739510072,-2.650541007630586,-2.914638867029572,-0.7363369636785169,0.37749181443434066,-0.8092276121529977,-1.2786714873605751,-0.006325858643525082,-0.4979259721051371,-0.2659964518034394,1.480269673969718,3.884412419480512,-2.591178391023546,-1.106181095665811,-1.974270387323694,4.501939843181109,3.655841415335519,0.4391213915314536,-1.2839412825155296,3.149781876905709,1.1961523693210092,2.7707879965738735,1.3453163358141285
numHidden 	4
numGenes 	39
minGene 	-3.0
maxGene 	3.0
popSize 	150
maxEvaluations 	20000
mutateRate 	10.629999999999965
mutateChange 	0.3
seed 	1554563097555
random 	java.util.Random@4d405ef7
neuralNetworkClass 	class coursework.OwnEvolutionaryAlgorithm
Training Set Training
Fitness 0.03171827073804329