3.2190173609516326,1.1455886275506921,-0.9829250292914823,-0.05422681954545955,2.01136331947914,2.439680844222233,2.118188791795839,3.2662546632813863,2.6048199353204007,1.6035460008462232,-1.6328723135916257,-3.3320544384113258,-0.8413750264310677,3.2011542100629664,2.911162574329368,3.5857328508968207,1.2163867020704417,-0.4713884073377379,1.0235819929702044,-1.0104901022010186,-1.5918305326111124,0.11896421929728311,-0.5511211023346168,-0.5206170457848083,3.5915449642564634,0.10618840263668469,0.5531291330188173,0.36572057287660215,0.2621375558957064,3.0762777970303157,-0.9682663701292106,3.1591601756323895,2.1538703329390865,-3.113867769969656,0.11451122582618783,0.5336933172502092,1.5010231582223592,-0.28864632812435514,1.177641144654756
numHidden 	4
numGenes 	39
minGene 	-3.0
maxGene 	3.0
popSize 	150
maxEvaluations 	20000
mutateRate 	0.1
mutateChange 	0.3
seed 	1554564371213
random 	java.util.Random@4d405ef7
neuralNetworkClass 	class coursework.OwnEvolutionaryAlgorithm
Training Set Training
Fitness 0.014619222284322634