-1.3386949234808363,2.675521378165756,-2.0226671487631105,-1.824702621669897,-0.8045072404931828,-1.806718280902696,-2.0949686210299228,-2.1001504961331356,-3.493816605675895,1.4304936088433224,1.0548774800311043,-0.8704623779240573,-0.962423133503437,-1.5287874982610474,0.9271487234581143,0.32503529363455885,0.8410096402181542,-0.3336683429697611,-2.904543201153701,2.8116854241445375,0.06524089190567346,1.522814587242668,-1.9660930345230336,-0.43947460360665946,2.171928819922549,2.663607031874769,-1.4463561261684907,1.1857997952608514,-1.2153588566859275,-2.4424154902126034,-1.267771031981968,-1.3926546145447731,-0.1025872165883447,-1.9598597526374504,0.710691651475668,-2.19165823157761,2.260493618895181,0.12402964686744189,0.3858947771768016
numHidden 	4
numGenes 	39
minGene 	-3.0
maxGene 	3.0
popSize 	150
maxEvaluations 	20000
mutateRate 	0.1
mutateChange 	0.3
seed 	1554217796072
random 	java.util.Random@6576fe71
neuralNetworkClass 	class coursework.OwnEvolutionaryAlgorithm
Training Set Training
Fitness 0.095738310563575