2.3278486361796062,0.8884510665048384,-2.4451539672757727,-0.010277005821432622,0.8298346157044212,-2.9897771479455244,0.9688957635635621,1.9417334839525533,0.845072391332556,0.7891000106603178,-3.1857807979766966,-2.4811538309766403,1.211196650279716,-3.712221850133539,-2.50232357748271,2.9169942301665825,0.8086787172036539,-0.42338712633236397,0.3163839097146743,-2.481636947075893,0.5042746712968781,0.26012320089277247,0.12507785643039873,-1.0650350679956135,-0.13186269917429966,-2.3275235666600613,2.519776197981092,1.798674694623901,2.07230392110258,-4.384404137868471,-3.6188933834882198,4.355593309521732,-1.717643841681648,2.562520454422298,1.4918715053107037,2.344096572958169,1.7736503110240314,1.2561181477305672,1.7146297914265727
numHidden 	4
numGenes 	39
minGene 	-3.0
maxGene 	3.0
popSize 	150
maxEvaluations 	20000
mutateRate 	0.1
mutateChange 	0.3
seed 	1554564496610
random 	java.util.Random@4d405ef7
neuralNetworkClass 	class coursework.OwnEvolutionaryAlgorithm
Training Set Training
Fitness 0.005272472552784655