0.4904739457085224,3.210373832599256,2.104364903129178,-0.08142947131117101,3.194216869302663,1.9684810917262503,-2.127286985738807,-0.9356934340244584,-2.667497408691257,2.509733071628827,1.8732665170320515,-0.7337366988288376,-1.055494127735868,1.8191551314820036,-1.7337970698690959,-2.4715355907761176,-0.48818301792464514,-1.7755484352334616,-2.3389296489023996,3.21253663242401,-2.3189722920218823,0.8164708970231522,1.1127577366463965,-1.0735870879989668,-1.1391747067903917,1.4475814337346262,1.567890072420691,-1.1518275095253143,-2.8512238715398,1.9679498606133476,1.6681025390444595,-2.579917667440833,-2.091224582786559,-0.588899649130983,-3.289874065294994,-2.2014883326689576,0.6910890468807058,2.672772851262678,0.3848471947305253
numHidden 	4
numGenes 	39
minGene 	-3.0
maxGene 	3.0
popSize 	150
maxEvaluations 	20000
mutateRate 	0.1
mutateChange 	0.3
seed 	1554219026393
random 	java.util.Random@6576fe71
neuralNetworkClass 	class coursework.OwnEvolutionaryAlgorithm
Training Set Training
Fitness 0.05727888119057007