-2.123624364647643,-2.7875567446018032,-1.562819898142088,-1.9449901427905265,-4.122646060901878,1.7280673374631341,-5.6679497866811905,3.15755846402116,-3.6203780738493023,-1.6838776816131198,-1.1095930577730213,2.2663525596264797,0.06720112756161034,1.3564752386014243,-4.323488647167034,0.1762190680218679,1.703952029440351,-0.10103419322515661,1.09604440269591,-2.2208391441316153,-0.6941828740409786,-0.20837250659256867,0.17214990922776732,-0.046473402513039774,-0.2536493246092155,3.3609125760149317,0.5074183360905351,-4.339125166903485,-1.4783344172807993,2.0457728500057635,-1.1181509594570942,2.0461782469005607,-2.939541489907605,-0.13141526459265054,-1.8035047136421123,1.0947503284310516,-0.52086158069394,1.1565298013348673,0.9668589632807358
numHidden 	4
numGenes 	39
minGene 	-3.0
maxGene 	3.0
popSize 	150
maxEvaluations 	20000
mutateRate 	53.74000000000128
mutateChange 	0.3
seed 	1554563543089
random 	java.util.Random@4d405ef7
neuralNetworkClass 	class coursework.OwnEvolutionaryAlgorithm
Training Set Training
Fitness 0.020892058604147747