-0.31158510865400435,-0.9340229112303856,2.445457514390415,-3.0272509081875274,-3.242488365984765,1.1225015676327228,1.8674970894565548,2.254090136012806,-2.144160098421267,0.513335523173553,1.7339237785434136,-3.2216830311855147,-1.5998816359106982,2.448352597001182,2.5201282199106956,2.1275087907116643,2.35092174370349,0.1927341830602832,1.072331909018851,-0.45919380042773944,0.012081115574974391,-0.5036146148953831,-0.7521768989182269,-0.4914697451219955,1.1055175370811243,2.2495518285104414,-2.665037110608776,1.989219426759622,1.9268797258012536,2.694827006368162,2.0022951494123826,-1.3266481722364545,2.7307722963409393,-2.7526444055125956,3.5039085554637293,3.1270751160218984,0.9023577941193779,0.8851326564151869,3.7704488256610826
numHidden 	4
numGenes 	39
minGene 	-3.0
maxGene 	3.0
popSize 	150
maxEvaluations 	20000
mutateRate 	120.29999999999531
mutateChange 	0.3
seed 	1554661725236
random 	java.util.Random@4d405ef7
neuralNetworkClass 	class coursework.OwnEvolutionaryAlgorithm
Training Set Training
Fitness 0.015335446800071702