0.8400141185179459,-1.2071248946675315,-1.7810735779349827,-2.459635664404874,-1.8501704265930117,2.374740674963987,-2.935199109813478,2.334092410343878,2.706249425679652,-0.6992796921628133,-1.494833752831384,-1.0529846749571556,-0.5653585037310723,2.0169366804637514,-2.3215825313432767,0.2062346270690228,2.364422418947459,-1.7001713953753057,1.4573484038466895,1.4994029635226107,1.4031884148866225,0.8383733968386226,-0.0726714198083653,-1.112534344936253,-0.7024883426039483,-0.3944512534485807,-1.6972287258810876,-3.1556181221120556,-1.3943198517634015,1.695697100658207,-0.9950953654131829,4.6747701280909695,-3.140111665315809,-1.2680862359201401,1.7138290595911847,0.7809508269390915,1.9119790228311881,2.3049517144841385,0.3417134339480588
numHidden 	4
numGenes 	39
minGene 	-3.0
maxGene 	3.0
popSize 	150
maxEvaluations 	20000
mutateRate 	41.62000000000082
mutateChange 	0.3
seed 	1554566561063
random 	java.util.Random@4d405ef7
neuralNetworkClass 	class coursework.OwnEvolutionaryAlgorithm
Training Set Training
Fitness 0.03339107260765343