-0.7871395228378457,-2.1501844421621144,-3.310717503924669,0.7448829816053297,-3.123669627215022,2.902031036294545,-0.8323894468419415,-4.373586790335171,2.109085964651514,-2.054845515570323,-3.9000432214802667,0.6345730274365556,0.7907230435573955,3.5610346927084415,-1.0999008523289582,-2.791163109139103,-1.9360790854301206,1.0662099400667244,0.4154128959532477,1.493861375461159,2.5307870372583925,-0.3570496334612804,-1.167931287843979,-0.6455977169413173,-0.42681926362991857,0.5282720609261277,-0.8879880043483259,-2.2859488570902955,2.849272056283198,2.226685075421013,-2.2124435487981766,0.4480559415046676,-3.669887100330666,1.7735945244955962,0.3430663637420237,-1.7089352210439412,-0.7400472305794162,-0.1374256557133881,-2.621984146682464
numHidden 	4
numGenes 	39
minGene 	-3.0
maxGene 	3.0
popSize 	150
maxEvaluations 	20000
mutateRate 	150.85000000000005
mutateChange 	0.3
seed 	1554390470457
random 	java.util.Random@6576fe71
neuralNetworkClass 	class coursework.OwnEvolutionaryAlgorithm
Training Set Training
Fitness 0.009591809470241103