-2.263037208094019,-0.4183454340346808,1.7592660165432288,-2.2220091124078856,2.5449351474017767,1.9821709009147992,-2.6383561947192047,-3.581356797351007,-2.338677875386593,-0.8500579733342049,2.141647402651138,-2.180876577896378,0.29042141040743574,2.0035704134062096,-1.4404913782607611,-2.9681390559286243,-0.4003200201835902,-0.9761240785410435,1.936904246505339,2.6441557087733165,-1.1675431939381091,0.25429690350223744,-0.02697557006629367,0.2846854892213221,-1.8725715171941963,2.2385733245838524,1.1467348203177978,-0.9058978937873983,1.2248215864270957,1.4270085294913728,2.5427549324453116,-2.425901452333288,-2.393509870204399,-0.4434358561185986,1.8891090610517103,-2.855334510829098,-0.28276688700303365,0.9471171525036922,1.9030003194026606
numHidden 	4
numGenes 	39
minGene 	-3.0
maxGene 	3.0
popSize 	150
maxEvaluations 	20000
mutateRate 	219.10000000001557
mutateChange 	0.3
seed 	1554561853917
random 	java.util.Random@4d405ef7
neuralNetworkClass 	class coursework.OwnEvolutionaryAlgorithm
Training Set Training
Fitness 0.030210118136475898