2.6068296736949823,-0.701160310291133,-2.6306790588392515,0.9008178344331443,-1.7566320807327733,4.121289265806844,-1.0428411195439626,-0.7963601350886425,2.2443776108658278,0.08884672119307782,-2.4176898789375936,-0.06574778709620135,-1.4613805300265228,3.637572790882827,1.9538919173932296,0.17617703758647635,-2.41846610555038,-1.8968056982346755,0.18971406499843985,-1.5741285093275839,1.3869757533120968,0.08225478391798349,0.3930756116019059,-2.02654291419785,-0.2213028183411549,-0.7634570807076131,-1.1885275916114517,-0.6798064229405997,-0.831277369307213,3.833803213619195,-3.034213942871479,2.048492561170626,-1.2831869417135389,1.1443135368894166,1.059407619671813,-1.5342364270095301,0.8368049292876555,0.8936686294308651,-0.3769156494032249
numHidden 	4
numGenes 	39
minGene 	-3.0
maxGene 	3.0
popSize 	150
maxEvaluations 	20000
mutateRate 	20.85000000000016
mutateChange 	0.3
seed 	1554389833551
random 	java.util.Random@6576fe71
neuralNetworkClass 	class coursework.OwnEvolutionaryAlgorithm
Training Set Training
Fitness 0.033595659887734865