-1.2846215723242969,-1.45735937738017,1.9894269889906835,-1.858174094568113,-2.540290876912537,2.692204335419531,2.515589061582735,2.758491930235511,-1.9551587761936502,-1.1792846725661488,-0.3346670210411366,-2.7166063330124075,-2.865982450615618,-1.068087156225221,-1.2311466905081103,1.6141246400054778,0.08315893103229399,-2.3738454370051896,0.6512400835301256,-0.7311002678205816,0.40174752323944923,-0.543258513696733,1.7643835598625977,-0.45987602267544014,-0.44353081891347973,2.487709557015659,-0.9871513757610479,-2.276478369787519,-0.598753768094094,2.416067242146783,-1.7822823038521431,-2.498858145815963,1.639708462422362,0.050155589456826515,0.3153300634815751,1.3324885995720759,0.6253332984609541,1.399999728854192,0.48844375676619606
numHidden 	4
numGenes 	39
minGene 	-3.0
maxGene 	3.0
popSize 	150
maxEvaluations 	20000
mutateRate 	0.1
mutateChange 	0.3
seed 	1554115064448
random 	java.util.Random@6576fe71
neuralNetworkClass 	class coursework.OwnEvolutionaryAlgorithm
Training Set Training
Fitness 0.008572682850041502