-0.7789565276238677,-1.2127549474156818,2.9778473225118347,-1.0867546564887887,-3.8844812536573747,-1.0481204018357861,-1.8456118508185537,-1.7895921770679215,1.3074531512850633,-3.4925397841808845,2.9631025938664366,-0.544021817880658,-3.5222956448698604,-2.4296208693481876,-0.03989925394671845,0.49861897834466545,-0.9745421728094987,0.377202458002039,-0.13281829688721156,-2.250648206168535,0.6115885430867128,0.45164797140690655,0.3073121377240034,-3.1657063823663387,1.5382495003271628,0.2747630161685638,-5.01937305885599,-1.462222498457445,1.641246548033527,-2.2166147926597772,2.116902324834198,-2.5076585132714104,0.6591485935263341,3.204311024270508,0.9935817435904997,-2.156433612322904,2.447522554470784,0.9009784038568549,0.7301107353491353
numHidden 	4
numGenes 	39
minGene 	-3.0
maxGene 	3.0
popSize 	150
maxEvaluations 	20000
mutateRate 	205.6000000000125
mutateChange 	0.3
seed 	1554291434748
random 	java.util.Random@4d405ef7
neuralNetworkClass 	class coursework.OwnEvolutionaryAlgorithm
Training Set Training
Fitness 0.011399261060478175