1.8262383180989883,-1.7857051868833624,-0.5088539409320048,1.3381864816725593,1.7976386567566771,2.867723500248407,3.499357813421147,2.002941587193017,4.017894135262242,-1.4088383663024249,2.606267781191779,1.7207738039578078,-2.054946656119639,2.7318682770352973,2.114211058963668,-0.4317167150570299,2.793998251515091,-0.16700518698955902,2.0519167241015124,-1.737238855790823,-0.9692662345934773,-0.44063147083877785,1.3053089058462426,-0.8508076562826636,2.470438600640871,-1.693540230063753,-1.0979360768283952,-2.6661920674233768,-1.7010897770208624,1.988753591569807,1.780748176874322,0.8494147487462265,0.3463589972076442,3.490824380031143,-1.8709838822667364,2.110261102462638,0.9466570536148414,-0.21343654056700967,0.8436662416705798
numHidden 	4
numGenes 	39
minGene 	-3.0
maxGene 	3.0
popSize 	150
maxEvaluations 	20000
mutateRate 	0.1
mutateChange 	0.3
seed 	1554117272167
random 	java.util.Random@6576fe71
neuralNetworkClass 	class coursework.OwnEvolutionaryAlgorithm
Training Set Training
Fitness 0.058413063557839234