-0.9543050036704983,-0.5367518350665255,-1.0814386038854709,-0.28368857534715397,-1.8029218639639806,-1.7839539195319785,-2.8991614846866267,2.518364698201826,1.326000732442736,3.072479626270541,0.29845011824079526,2.388673682252565,1.6876605903244082,-2.1951563225914485,2.901614830836479,0.009632426892475787,1.345967346344042,1.8742207451138775,-0.9962313093600556,-0.7851340841741532,-2.999792249969112,0.5067645945996869,0.060236118574140934,-1.6885322397450921,-3.2112239013914,-1.8732315913930064,-1.7335321461140334,2.727671443523894,0.3757459573355337,-2.1399259730887223,0.2606657664188801,-1.1441814469402865,0.7567279067577297,-1.1110941415734217,-0.3747975781120093,1.646869393961036,2.95569011179889,2.4722374082884424,1.0444041520263034
numHidden 	4
numGenes 	39
minGene 	-3.0
maxGene 	3.0
popSize 	150
maxEvaluations 	20000
mutateRate 	0.1
mutateChange 	0.3
seed 	1554117191347
random 	java.util.Random@6576fe71
neuralNetworkClass 	class coursework.OwnEvolutionaryAlgorithm
Training Set Training
Fitness 0.12481090772589998