0.8124147782842447,-0.03671574053360435,1.385059850046274,-3.0089028672132883,-1.802554039259477,-2.2568473312101927,2.852250551088578,-1.1640137937209736,-1.2102828541119732,1.7300427846016329,3.159406777428375,-4.162881192464088,2.5681215448390686,-4.690235905596088,4.488360059881464,1.9402063974786006,1.4067821155738343,0.6525014155749109,0.8895490072754966,2.436648255363016,-1.7360364789650973,-0.043960168073055694,-0.517393452352389,-0.49189705615840523,-0.05960042587322095,1.5995442191271625,-1.2051441091485484,2.6849082725455435,-3.150719934540124,-3.0995242751634526,0.7379505323297236,-3.1204545689412146,3.3678968139471053,-3.46242488400557,2.8939787779138504,1.600359500427805,-0.9398099593772694,0.8016902770061727,0.5435953975158352
numHidden 	4
numGenes 	39
minGene 	-3.0
maxGene 	3.0
popSize 	150
maxEvaluations 	20000
mutateRate 	49.44999999999933
mutateChange 	0.3
seed 	1554558210728
random 	java.util.Random@666be4e0
neuralNetworkClass 	class coursework.OwnEvolutionaryAlgorithm
Training Set Test
Fitness 0.009019716062864079