1.0860975897617486,-1.6921794245810449,-1.0197843693651092,0.23929168249408067,-0.7875904048038733,4.671967293687849,-1.277996434379547,2.0593635692883394,1.1594399772924247,1.991681207561648,1.7261645923286535,-1.6687260123230045,-1.7513325853335133,1.3525193762943764,-1.097203184354162,2.7439451237886496,2.53310992914218,-1.0142576611359806,0.964113462420353,2.736285738537822,-0.27300574894031066,0.46940479590698353,4.335012293090445,-1.7570047829266857,2.0695983619469995,-1.6089475133501852,-1.8422478087972147,1.1465062841927445,1.5563494386065067,2.0462895411951223,0.7104519286752761,-2.8105261720997055,-1.8238012677950213,-0.05965363280847655,-0.1920077524029425,3.4549424619179674,-1.0099702803809103,-0.19654721315622906,0.28437733329368453,1.6834001030706727,0.383196632260986,0.11499817769774362,2.046882979865815,1.6975025702887012,2.502979218030884,1.93754904578009,-0.6892801544438394,3.125338556321901,-2.4626081331438625,-2.188132376002412,-0.48990584491583283,1.462970016975307,-0.5040179702159249,2.410722531629282,-0.6024070246251836,0.18573885291240239,-3.6200816169888475,2.418659731448123,-2.0934626133059555,-0.6829598892132502,-3.733714474742325,-1.835952440228629,-0.04990446325398473,-0.4249144080990551,-1.052748206800386,2.8261349384951853
numHidden 	7
numGenes 	66
minGene 	-3.0
maxGene 	3.0
popSize 	150
maxEvaluations 	20000
mutateRate 	62.849999999998566
mutateChange 	0.3
seed 	1554662429593
random 	java.util.Random@4d405ef7
neuralNetworkClass 	class coursework.OwnEvolutionaryAlgorithm
Training Set Training
Fitness 0.0191354131371153