-0.43224981437835835,3.701070187792857,-1.9010839999116402,-3.0418319010361796,4.913480539710538,3.190881385350384,2.2598152546174624,-1.1220806704917774,-1.3129884485248073,2.3736494671816946,-0.7448183066260912,1.1189279221202044,1.7612038790923021,2.0089016035421823,2.95597170418443,1.9899554136460362,0.15240851090814048,0.3066474208943746,-2.2853701778132463,-0.44856778011709564,-1.3582071824974946,-0.9888652836808373,0.8430145399413556,-0.5420212501660115,-0.5331282386678935,0.7755196821899863,1.8992724140934387,4.102742969152212,-2.9892189721643514,1.8346261557292465,2.523552525779771,0.22943651273202398,4.080810965021305,-0.29949931779594496,-0.6984739794170056,2.2254963874151183,0.5944958648936158,-0.12726958156597049,1.463623542944323
numHidden 	4
numGenes 	39
minGene 	-3.0
maxGene 	3.0
popSize 	150
maxEvaluations 	20000
mutateRate 	60.670000000001544
mutateChange 	0.3
seed 	1554644421360
random 	java.util.Random@4d405ef7
neuralNetworkClass 	class coursework.OwnEvolutionaryAlgorithm
Training Set Training
Fitness 0.03312362798315981