-2.864975206430608,3.4042691550216846,-0.6610349373094617,-1.5870162640415386,3.355833093174645,-1.0734324019666754,-1.9858696051495037,-3.678332387098844,-1.3290531441324167,2.366000643374401,-1.5294717960238182,-0.4707169875873457,-0.2314001332805534,-2.3750575960505453,-2.459549423975609,0.09471013610574489,-2.2747293963665185,-0.821951372384796,-0.13591081357275867,2.199198117136714,0.31370161183622036,-0.03119157837897585,-0.17912858542857424,0.25511829695996796,-2.1978147769002296,2.3702250094428066,2.1161883368643655,0.6102327828032595,-2.20966946451671,-1.9916940722600023,-1.5791555234749717,2.4493633527146765,-2.5489670583353092,-1.0078706838336253,1.629689324276405,-2.381357720375305,0.30926966688567686,-0.5084841745280821,-0.8188672052056543
numHidden 	4
numGenes 	39
minGene 	-3.0
maxGene 	3.0
popSize 	150
maxEvaluations 	20000
mutateRate 	52.19999999999917
mutateChange 	0.3
seed 	1554646599655
random 	java.util.Random@4d405ef7
neuralNetworkClass 	class coursework.OwnEvolutionaryAlgorithm
Training Set Training
Fitness 0.012311873262669578