-2.56234239366585,0.4578920995365253,1.89857744763225,-2.527059051701647,2.091180572240718,-0.32423490243985953,1.9821227238402728,2.3137935329354216,-3.7202987629811144,-0.49329685829784664,1.9585387162856334,-1.3012480243715066,0.20177932094327336,0.4809634545158136,2.04893854734716,2.831143003286526,-1.0248363090210812,-0.5344611046381135,-1.400447647108167,-0.2731416398164795,-2.4755118442461463,-2.0682833886070786,0.34821955444765434,0.3521084982044791,-0.6948886341648903,0.20364883730485053,1.934639600171467,-2.421376753242781,-0.6922886789737538,-1.324664629851576,-2.454215350957251,-1.6495990514186967,2.124481171951444,0.5411143549696233,1.5523925540445995,2.664694199195607,1.4523034452403183,-0.6308309816100883,-2.195815592578154
numHidden 	4
numGenes 	39
minGene 	-3.0
maxGene 	3.0
popSize 	150
maxEvaluations 	20000
mutateRate 	0.1
mutateChange 	0.3
seed 	1554114933061
random 	java.util.Random@6576fe71
neuralNetworkClass 	class coursework.OwnEvolutionaryAlgorithm
Training Set Training
Fitness 0.09576823894879322