2.803672500971557,2.126506839612534,-0.8741047123687922,1.3659845948400218,3.045693204758168,-2.07413385885618,-2.396429140772871,-0.6205208429095177,2.8086276296946577,2.668104260143944,-0.7427936924152865,-1.1009883591295075,2.4162312486601287,-2.5957775698304144,2.9221119994153457,-2.9160178163015362,0.12902495480011353,0.48505829265728584,0.23120350976135642,-2.3563018355570864,-0.08298741889563352,-0.3663744553899401,-0.5946628848271768,-1.0359283668424881,2.320779748700338,-2.0997686810319,2.3270042775660476,2.2814650433923647,0.3026814918195613,-2.172630860387869,-0.8024722156911694,1.7691701411465504,1.9389515862220137,3.106739489487133,-3.3494179799577157,-1.09377528885,2.8892850556027128,-1.8413360388985933,-0.5852390175856742
numHidden 	4
numGenes 	39
minGene 	-3.0
maxGene 	3.0
popSize 	150
maxEvaluations 	20000
mutateRate 	0.1
mutateChange 	0.3
seed 	1554564614496
random 	java.util.Random@4d405ef7
neuralNetworkClass 	class coursework.OwnEvolutionaryAlgorithm
Training Set Training
Fitness 0.0038481126237817683