2.4796548185271456,-2.0313237255231305,-0.7111265682484357,-0.6309787855629386,2.9535656920654763,2.3608431212636622,-3.290545703395102,-3.121846670850546,-1.1868901840255521,-4.3030138139164125,-1.742089716574998,-0.246385628857074,-3.5384235806039226,0.471329985056554,-1.95227882254265,0.016156482807939077,-0.3521873473629199,-2.3260495416521874,2.8352764443837164,2.6087431573794753,3.5832252805914147,-0.8829265453367239,0.45640392627174275,0.3182495792981298,-2.6122627129096463,-3.261491120691691,1.967777123628513,-2.3475206106778277,2.886460709009445,2.499309893055369,1.7508003481795156,2.5526959633934925,-3.301716994132611,-0.31671017639788046,2.65372364749555,-2.0679356627634866,0.6572563958972035,3.504994040046258,1.2957148780785528
numHidden 	4
numGenes 	39
minGene 	-3.0
maxGene 	3.0
popSize 	150
maxEvaluations 	20000
mutateRate 	205.85000000001256
mutateChange 	0.3
seed 	1554661799604
random 	java.util.Random@585021c7
neuralNetworkClass 	class coursework.OwnEvolutionaryAlgorithm
Training Set Training
Fitness 0.04685983161061112