-0.5993052285119731,0.79745051174307,-3.2705585787329845,1.4906341299073298,2.5230730021909853,-1.1793495924809905,2.410575199242048,3.88230970402666,-1.6819572845574047,0.8719876140245015,-1.8431280295433,2.018178681114174,1.0742221863962265,-2.2814569723367732,0.23468662900255546,2.387047960080438,-1.7253943839641042,-0.19442021207997345,-1.3907060045608206,-3.426851332296098,0.9782927346849842,-0.500840878873057,-0.17610948023170855,0.6329719923592614,-1.7554083890174828,0.2341871481802648,1.1451401267008667,1.784184064367089,-0.02082558878525946,-0.6786744305255381,-3.6702799371962116,2.3302303743185466,0.2978814581780212,0.5118743939280317,-0.6548912707215262,2.623938347585726,1.1369970772711318,0.6920182091060896,-1.6508790788565433
numHidden 	4
numGenes 	39
minGene 	-3.0
maxGene 	3.0
popSize 	150
maxEvaluations 	20000
mutateRate 	241.60000000000838
mutateChange 	0.3
seed 	1554562844730
random 	java.util.Random@4d405ef7
neuralNetworkClass 	class coursework.OwnEvolutionaryAlgorithm
Training Set Training
Fitness 0.032755431839993715