2.606260977533349,2.4246222606671113,-2.2337739226883015,-2.1847161425028174,-0.38202532245757026,-1.467315090919533,1.9728776807585533,0.2877292889931046,2.884004012752554,1.779023796804645,-3.1266953230585584,-3.2901472376473597,2.5061209890443292,-1.7924832809954359,2.8190509169119076,2.5739728928416663,1.754984161717272,0.20702613445098222,2.6806252480477433,0.5368941330486582,0.45549710985666164,0.038102339892378684,3.0489999760765127,0.5611450091623306,1.6696499074360909,-0.9787872701555052,1.49705817163947,1.452339055095313,1.4855278791736202,-2.7113264761881513,-2.6171051202940663,-0.8080183638721874,-2.704679753173997,-1.5123219354272988,2.60911819901185,-1.2369077199300067,2.458418415256146,-0.3078976114719172,2.6916479652608505
numHidden 	4
numGenes 	39
minGene 	-3.0
maxGene 	3.0
popSize 	150
maxEvaluations 	20000
mutateRate 	0.1
mutateChange 	0.3
seed 	1554215134814
random 	java.util.Random@6576fe71
neuralNetworkClass 	class coursework.OwnEvolutionaryAlgorithm
Training Set Training
Fitness 0.007930923572135666