2.7314648143808546,1.8339977378460703,2.8248740040884663,2.2108306748793956,0.4803423880304552,-2.4798015079131615,-0.23717970914361564,1.6264601907446523,-1.7685972979552769,1.6795085823665392,-3.099804892686589,-1.3218993959403504,-4.199479647335071,0.5371022170295628,1.8491855445042378,3.5312144499560993,2.6476736553472087,0.8018445230269549,0.10953827893141632,-1.4739610305528412,-2.6979761290523188,0.9309644814820895,-1.718863077998944,-0.4494529545338002,-3.1321990420925583,2.752540289003326,-1.4958377809644954,3.469749021508262,-0.10432223352009079,0.7090821003187838,-1.5897910601925196,-1.2796288049959552,1.703881058471676,0.9199562050463226,0.205514222369632,2.9154247704795226,0.2195076247008024,0.7269892524312116,0.1478681689072231,0.2732259768244539,0.012503061841428187,3.034169586251091,0.924138194361907,0.37227973116432544,-2.429024025197249,2.3553479524655745,-1.5944995449918866,-2.7370327173254347,1.093277684764945,-2.705489349081062,-0.13927027495579838,0.6566315385331856,-1.3686978581851417,-2.369424521505271,1.3171134470268222,2.169929926561471,-3.1938674114648853,-3.1086854857493105,0.3449469391256169,-2.9570586195899438,-0.45939587736569565,0.4133760924006491,0.02910615755877347,-2.013383853503731,-0.12319536322788768,3.332898753127277
numHidden 	7
numGenes 	66
minGene 	-3.0
maxGene 	3.0
popSize 	150
maxEvaluations 	20000
mutateRate 	36.25000000000008
mutateChange 	0.3
seed 	1554665442409
random 	java.util.Random@6576fe71
neuralNetworkClass 	class coursework.OwnEvolutionaryAlgorithm
Training Set Training
Fitness 0.012722925104299336