3.7984868518490225,0.9194629698874378,-1.7178422841917267,3.694283704288493,0.3814055897789922,4.56999452681832,-2.990571756470428,-3.156135362181578,-1.3353338206347347,0.1985973152498397,-0.9975535852966578,1.8076897606614546,1.832687581560423,-0.6306216533284158,-4.184605705218166,0.9074965232996833,-0.25420530094172145,-2.287916396190758,-0.8628379658160688,1.8334880670885372,3.1834519097841647,0.30041468291360257,0.2830082824162803,-0.11180946108309125,-0.4534402715188493,-0.6318890291917929,2.2429732345082636,-1.9538205216043942,-3.3570835460522117,0.32681253078313766,-1.553231632318288,0.40794291926281134,-3.015598189406583,1.740964915416321,-2.3459071980157207,-1.3084651458258922,1.492871312007265,1.3341157919657356,-2.2320336807177803
numHidden 	4
numGenes 	39
minGene 	-3.0
maxGene 	3.0
popSize 	150
maxEvaluations 	20000
mutateRate 	41.249999999999794
mutateChange 	0.3
seed 	1554390375150
random 	java.util.Random@6576fe71
neuralNetworkClass 	class coursework.OwnEvolutionaryAlgorithm
Training Set Training
Fitness 0.014745995357934166