1.9720354459004628,-0.7968874013908276,0.7100911343490908,2.064903519867147,-2.1603697065129044,1.549074795389675,3.045540641748991,0.4874408103971782,-2.2830535320579566,-3.123329173310875,2.039198306834038,2.236664346651113,-2.9886340704648906,2.20722916515015,2.610448541490221,0.6847004596125047,0.91189966895589,1.5689799318252184,-1.9337463962180632,-1.8455333821764348,-1.9330170626042353,-1.761380688050652,-0.6213612467276978,1.6105282997799601,-0.5863530524359746,2.514652017961305,-2.949412189225603,-2.2098073340782407,-0.8493895990101159,2.6467430808083448,-0.2904839093814747,-3.6719880715220485,2.7358348419958145,2.326745439099612,-0.0881375076635966,-1.209886135319676,1.3886509717091575,1.905224997512388,0.6427087933194251
numHidden 	4
numGenes 	39
minGene 	-3.0
maxGene 	3.0
popSize 	150
maxEvaluations 	20000
mutateRate 	0.1
mutateChange 	0.3
seed 	1554217993785
random 	java.util.Random@6576fe71
neuralNetworkClass 	class coursework.OwnEvolutionaryAlgorithm
Training Set Training
Fitness 0.09058499637928262