0.2388516150324148,-3.5692233327277365,-1.70145518007535,-0.9425978122793469,3.106320529835851,-1.1580614083020482,2.0437515031262072,-2.93576643948693,1.341870019302065,-2.8937695690881817,-1.1146338300833123,-0.7497384570129997,2.3502814595822414,-4.186587128878849,0.5521566334963202,-1.7828995460402224,-2.0628038515432916,-1.8222210650525443,-0.4816967905992874,1.3132628656760628,1.5302477264559375,-0.2809756406669128,-0.5895917325874855,-4.595803596092331,-0.9028629295675665,-3.071468692272071,1.755037315265882,-3.4380875185738304,0.8633469884430363,-0.7831987428592262,-1.3990007061810057,0.0943475047741458,3.0095919229198755,2.0649258090171543,-1.9399431414168815,-1.767932893998957,0.5622697885708436,0.973997715512769,-2.3218836254192343
numHidden 	4
numGenes 	39
minGene 	-3.0
maxGene 	3.0
popSize 	150
maxEvaluations 	20000
mutateRate 	18.249999999999936
mutateChange 	0.3
seed 	1554644807571
random 	java.util.Random@4d405ef7
neuralNetworkClass 	class coursework.OwnEvolutionaryAlgorithm
Training Set Training
Fitness 0.022570279551843594