2.1175958412731304,-1.2704261451223595,2.4207906629965428,2.990853512807678,2.349772995368869,1.7083985422765373,-1.0882637189794466,-2.2262303405808024,4.807649903679484,3.465017968518716,0.5228621643947666,2.465201548493352,-2.0422575525089073,1.8691224877064743,-1.8992449579994028,2.9061979637927395,3.1657724581543794,1.3511392499438626,-0.4813699337040582,1.778651455503307,-1.0937824938080924,-1.578538266404879,0.22023662886493667,-0.5445904129162806,1.5059809659850754,2.1185832126158046,-3.1999737984624876,-3.7264904088212703,-1.7831528697805508,-1.6907230632786567,-0.6694032365270512,0.507374087700574,-0.7393146498897684,-0.7980885989305119,1.5674733244644772,-0.9774559470376477,-1.9498568249867825,-0.13745633759010173,-2.372280782385909,2.3624236733623465,0.2000214597688026,3.407832073756796,-1.6693751556206045,-0.7062033125359152,-1.8653244672235036,-0.1748769398982962,-0.002211561531118844,-1.1501816698695064,0.9621368371193098,-2.371930364621249,3.0183304019238912,3.455512011387455,0.6197284532155518,0.6231381136772309,0.7103999688796505,-2.3798347140944407,0.15549924515533142,-0.14927077339406294,-1.8204870415014522,-4.8470494958589265,-1.5743667635403826,0.1466752044665915,1.1633809842956266,2.728414851894427,1.3164121778860876,-2.672878613662856
numHidden 	7
numGenes 	66
minGene 	-3.0
maxGene 	3.0
popSize 	150
maxEvaluations 	20000
mutateRate 	10.90000000000002
mutateChange 	0.3
seed 	1554662084041
random 	java.util.Random@4d405ef7
neuralNetworkClass 	class coursework.OwnEvolutionaryAlgorithm
Training Set Training
Fitness 0.013047013084472207