1.9059352082607453,3.6020319456267926,0.6495730420003668,2.7282366182206372,1.4831415769897454,-0.5443909235141453,-4.4441329315802465,3.555145251470913,3.226158435895293,-0.3951756912520332,3.871694131477177,2.6313981917069382,-3.2136981162606784,0.8822890468721758,-3.5055200968809794,3.9760642201899334,-2.377509490420901,-0.8797179918536695,2.5164146296733763,-1.4640385131645761,0.2602529366593409,3.2319128857180313,-0.06495591512482946,0.11999130611948278,0.8897734900652021,-4.522068580798167,0.5582547132844173,-2.3984013048730035,-0.8987533622551469,-1.584625782297924,4.107491129332717,-3.0388630832718824,-4.974975955464839,2.028984498187335,-2.1846394655518484,0.6806743155810703,2.3464916999288876,1.4844440322672112,0.8716527260746708
numHidden 	4
numGenes 	39
minGene 	-3.0
maxGene 	3.0
popSize 	150
maxEvaluations 	20000
mutateRate 	0.1
mutateChange 	0.3
seed 	1554563612692
random 	java.util.Random@4d405ef7
neuralNetworkClass 	class coursework.OwnEvolutionaryAlgorithm
Training Set Training
Fitness 0.008723387356486879