0.8304579803281149,-3.3621443366037553,-1.2250168165237851,2.775778530523334,4.312583626264107,3.103536964132018,2.6756494896320544,2.1135050701516533,1.9893955297159231,-3.579352321006502,-1.6364551574764612,2.1125053924529964,1.5085489867551545,3.4332223850304864,1.4076025242643677,2.1894826151623596,-2.9352472932306153,-2.54994179388651,3.2162753917016764,-2.978647002713596,-0.6305989903550316,-0.4678955732125471,-1.1863364063629356,0.8257035680406944,-1.4170989842865103,-0.7018615872552878,1.679250318138407,0.4831073792221421,2.655773908524196,2.9653571776137158,3.649782002586267,0.2854622117068205,1.7945847056903237,-2.804911343327919,-2.998349606749204,2.455130452155734,0.47346716243734394,2.499295514760073,1.3896377644631586
numHidden 	4
numGenes 	39
minGene 	-3.0
maxGene 	3.0
popSize 	150
maxEvaluations 	20000
mutateRate 	290.75000000003183
mutateChange 	0.3
seed 	1554389989521
random 	java.util.Random@6576fe71
neuralNetworkClass 	class coursework.OwnEvolutionaryAlgorithm
Training Set Training
Fitness 0.05767942345397027