-3.120231930104752,3.6074210545100835,1.1617364735041202,-1.1928844945031312,0.8172254690961407,1.0587568666206928,-2.0768485391189886,-4.321656949388896,0.16412416037859034,1.9412751828462518,3.6263533978792077,-3.5887364364317156,-1.7999379842045797,-3.323447175708848,-1.2889673954770346,-2.701263915115199,-1.9589172491644145,-1.8945732831281306,0.7586868845254104,0.32440805730218186,2.016296950133999,-0.24602299640706363,0.23308538445854726,-0.28588516449830487,-2.054035543669668,-0.25310456190226194,2.6082005116456957,0.6087239086736802,-1.4887327263001178,-3.093396389761811,4.795175063003376,-3.4973052162397766,-2.8951637541903366,-2.238134230005362,4.644702830621832,-2.669318384545202,0.44512290751963035,0.7381814372649177,-3.7667215392754807
numHidden 	4
numGenes 	39
minGene 	-3.0
maxGene 	3.0
popSize 	150
maxEvaluations 	20000
mutateRate 	496.3500000000786
mutateChange 	0.3
seed 	1554118360639
random 	java.util.Random@6576fe71
neuralNetworkClass 	class coursework.OwnEvolutionaryAlgorithm
Training Set Training
Fitness 0.012256428607760037