-0.1460880693940046,1.4605859859654233,-0.9178325788305817,0.4691480477511058,1.093847324901009,-3.283332924820854,-3.4024072531780947,2.9451771326380407,2.2259812584740506,-2.212064434062953,-1.535796449374734,4.924431510925025,1.89876348819781,-0.10282379241899295,2.4631285140389867,1.2081245872885324,-1.4436493802790158,0.08585351588175494,3.2268769147713154,-3.2635212801860893,4.226905405612769,2.184068823637857,-0.44441212895246224,-1.1977241150922286,-3.238015532078058,0.08789857317982042,1.5182665780555693,3.7702592072011853,1.79340957662798,0.34734569778267044,1.0617970894793307,1.289105357244027,-2.7474524178784057,2.183959003546498,0.04029537672267569,-1.0435642153998894,0.031905410328733536,-2.314705213657652,-0.21503778946877936,-1.4280904749057468,-0.48049352919570804,3.6533750543551573,1.3236228375053685,-1.3162498481136635,2.245016176407415,1.3755967655235535,-3.996698966986686,1.4627488048761976,2.249205569738353,3.1819075561411303,-2.145093558888794,2.4948213236649623,-0.9823579908549891,-2.190592830199535,0.13085115720840612,0.11584416682189896,1.997916257054436,-3.983944790133543,2.408726788001462,1.5364438628336037,0.40571387086461647,0.54791553240912,-0.8709762740023751,1.07667007826108,3.188757508332235,1.7817753819622295
numHidden 	7
numGenes 	66
minGene 	-3.0
maxGene 	3.0
popSize 	150
maxEvaluations 	20000
mutateRate 	118.09999999999543
mutateChange 	0.3
seed 	1554665774386
random 	java.util.Random@6576fe71
neuralNetworkClass 	class coursework.OwnEvolutionaryAlgorithm
Training Set Training
Fitness 0.01655093836674457