0.32017304501349164,4.547449757590897,-0.01910681642950901,4.013273968253903,2.842416676976278,2.7127367115229895,-5.170849914282498,-2.5531672012216244,-1.168727437001354,2.3930241436722324,0.10445984044361131,2.117268654501108,-1.035298477456209,4.0127922604397535,-3.782439306553452,-2.378567012941336,0.8411786895895721,-0.027855631333193187,3.0412419616366373,2.309165638907835,4.182960969271266,-0.20145617253834203,0.4659153682910546,-1.9399307541961877,2.267145461630977,1.8783643989047265,0.36098903649287944,3.790934751341332,3.5163265851442125,-0.21702680529772192,0.9323318690038759,0.8531305922185674,-3.6008509382651592,2.5992172143338874,-2.732231260220733,-0.8917783988396429,0.15842305930302134,0.06315700760444395,1.0194339637656453
numHidden 	4
numGenes 	39
minGene 	-3.0
maxGene 	3.0
popSize 	150
maxEvaluations 	20000
mutateRate 	31.930000000000454
mutateChange 	0.3
seed 	1554565766602
random 	java.util.Random@4d405ef7
neuralNetworkClass 	class coursework.OwnEvolutionaryAlgorithm
Training Set Training
Fitness 0.04737291960169111