-1.713505731474165,-2.702240554575616,-1.2024531502086204,0.8550739299600826,1.395532752006697,2.808823784374516,-0.5556301696071562,3.166973954011456,-2.866373186879636,-1.2663318755511663,-0.7403118490204117,1.0008781066090715,-0.27852642298571595,3.0616344864785083,-2.9572514491106174,0.08196257183973385,1.9064445399035552,-0.32348345564114117,1.020694626322214,3.141159868050703,-1.375933055092863,0.4601530862937397,-0.38801373942708106,-2.1772478394119763,-1.7362355652770998,1.904112295320784,0.35266594044220645,0.2996503252507231,3.004546897978678,1.8790891913110277,-1.7414051741983458,-0.7148339689839444,-2.271567843558246,-1.9759194331051582,-2.241002802379386,1.5619819807727644,2.969110434048633,1.1037813028056715,-0.03001915687774885
numHidden 	4
numGenes 	39
minGene 	-3.0
maxGene 	3.0
popSize 	150
maxEvaluations 	20000
mutateRate 	0.1
mutateChange 	0.3
seed 	1554215780296
random 	java.util.Random@6576fe71
neuralNetworkClass 	class coursework.OwnEvolutionaryAlgorithm
Training Set Training
Fitness 0.038541835033839664