3.3240666361613087,1.073820846778959,2.4126782399597557,4.004243199252542,-1.6413682561623786,-0.03429502821599706,1.1265493129608546,2.2304715573791367,2.1054002057092545,-1.3653116437239998,-3.077930815198819,3.658122404653127,-0.6241644289274924,0.312847846427041,2.2671065414017257,0.8609559992266186,2.4036083272329747,-1.4329379990666666,-1.8407376057287772,-0.9605144421097982,-3.1167022340435353,-3.6358047070682176,3.4483575396571005,-2.3861539904884865,-2.8899563506695922,2.7936726510885825,3.3090925811952765,-3.6004671309572234,-3.6192117379071136,0.10242821660911858,0.36247901729292964,-0.4032217826756293,-2.1457339100768116,0.39166387506377376,-1.8712853780776335,-0.6183952773137349,-0.36044379941759896,-0.37316233241255664,-2.125504661712363,0.03140892715785906,0.7525016445468349,1.6290441000040938,2.201652381385921,-4.3567084408716985,1.918010801280896,0.9977171841746528,0.23296109058953957,1.6359835613402332,3.7058256225214588,-1.6012675103793177,-1.020703657153969,-0.35489403518421725,3.8277871683964007,-3.318894919641574,-2.6355045396213415,-0.9619209632953751,3.1546515819978747,1.4078889323335322,-0.6591437435897622,-0.18091465812316967,-0.04173979549811291,0.10550593745587923,-3.3587503295651424,1.849870116850074,0.9050225367625229,0.8708117880795433
numHidden 	7
numGenes 	66
minGene 	-3.0
maxGene 	3.0
popSize 	150
maxEvaluations 	20000
mutateRate 	4.99999999999999
mutateChange 	0.3
seed 	1554664863457
random 	java.util.Random@6576fe71
neuralNetworkClass 	class coursework.OwnEvolutionaryAlgorithm
Training Set Training
Fitness 0.014448711495505534