-0.23692982694092318,1.6968270232309217,-4.016257152699895,0.83689272614475,3.981319830603384,3.6864292425006555,-0.9494444811106713,-4.235232528920809,0.4437304252861132,0.39671711268345156,-2.215221871897387,-0.10539324600470079,-1.9681555218839695,1.3780389440042973,-0.0632122534318387,-4.018312815387453,0.08824407388844466,0.9120325429049997,0.9992727251885855,1.6540685197592662,0.26917334323537956,1.406470856746509,0.1116509237286568,-0.33017974518468807,0.12448083172182359,-0.07168041041920964,0.9144158539478193,1.5990634860611357,-3.3421801354304908,-2.121551391290113,-1.9916307449389699,3.597211461996162,-0.7287764879852929,-3.808516505300773,-0.754081705154869,-4.130562642494742,0.5609764889928275,1.9602237649440026,0.8006684855451008
numHidden 	4
numGenes 	39
minGene 	-3.0
maxGene 	3.0
popSize 	150
maxEvaluations 	20000
mutateRate 	89.84999999999704
mutateChange 	0.3
seed 	1554389009788
random 	java.util.Random@6576fe71
neuralNetworkClass 	class coursework.OwnEvolutionaryAlgorithm
Training Set Training
Fitness 0.04106782733981171