-2.153666968472118,0.48410409363635415,-0.9823667928553141,-4.181631575135391,1.2804464063516674,3.670406094650283,3.2987293530400468,0.7843154429033182,-1.0109602058530005,0.5783872478355513,-1.1771578265426659,-4.69904113919007,-2.0529766373541434,2.9039361886863513,-0.052226454006855744,3.0615553748909803,3.1547335371221985,0.21956652069062638,2.1554265168821813,-2.3443048227052725,1.8482938752511893,0.21681315487037897,1.3901660293447786,-0.19237198445444217,1.257782756603917,0.2700199853883496,1.3113477289370545,-2.2353931884768925,-2.461098948474876,3.7966234627418167,-3.2348487733649938,-0.7957701344756807,0.8197513901684911,-3.4865160826056587,2.804242580137748,0.31508720725690187,1.0282571326546326,0.9787724836410352,-2.9872792064150095
numHidden 	4
numGenes 	39
minGene 	-3.0
maxGene 	3.0
popSize 	150
maxEvaluations 	20000
mutateRate 	0.43000000000000016
mutateChange 	0.3
seed 	1554645111538
random 	java.util.Random@4d405ef7
neuralNetworkClass 	class coursework.OwnEvolutionaryAlgorithm
Training Set Training
Fitness 0.02005002765200573