1.1985055300085738,0.45862815409282104,0.2716612444313888,2.686623566299549,-1.5249238176724542,-0.772794625666376,-3.043493903674718,3.589764355841687,2.883762912828365,0.7681809659714521,-0.6566045051475163,3.930216783700905,-1.4431338886340024,3.4105729558405553,-2.4408446686823697,1.6431013119540543,2.982477150501059,3.1128282778516616,-0.3912098166420428,-1.3871165351308983,-0.46819383310996776,-0.32585473639368945,1.7244452799715912,-0.3484206524943825,0.7219138303660317,0.08837586537525391,-2.953540870958414,-0.7291625199604426,0.5177201896675342,0.5674954199374246,0.4443194804633941,1.4774617143672892,-1.602021487555244,4.120365889996635,-3.996321274688193,1.062526882737903,0.21135592305302942,0.3082106396601229,2.338878466622857
numHidden 	4
numGenes 	39
minGene 	-3.0
maxGene 	3.0
popSize 	150
maxEvaluations 	20000
mutateRate 	60.84999999999868
mutateChange 	0.3
seed 	1554318619174
random 	java.util.Random@6576fe71
neuralNetworkClass 	class coursework.OwnEvolutionaryAlgorithm
Training Set Training
Fitness 0.029608954460630832