-1.7130817438945514,-1.417814130272425,2.2132490989973577,0.44715021012179024,2.5194553349772884,-2.55366799406166,-2.2099168911880924,-2.951152531529746,-2.2830367116012673,-0.6790889420281443,0.3079579575279199,-1.2110487560799084,2.61420548985393,1.2824075534826347,-1.9182386394020448,-5.883121874814095,-0.27940005885238905,0.11314576436305777,-0.537772397788693,-0.2829169890888538,0.10491062339548315,3.5571811689922987,0.11576597441655542,0.44864900930930085,-3.0381184146264824,1.6150067551571095,2.7242296814301437,-0.9194170753443238,-1.6374714174505294,-0.5810225767249396,1.1140663560003632,-0.6928431793560575,-2.071657032033659,-3.0842329373604853,1.74836894237934,-2.9133007405674443,1.4598553992670578,0.8110024857807668,1.4202812184228104
numHidden 	4
numGenes 	39
minGene 	-3.0
maxGene 	3.0
popSize 	150
maxEvaluations 	20000
mutateRate 	0.1
mutateChange 	0.3
seed 	1554566439098
random 	java.util.Random@4d405ef7
neuralNetworkClass 	class coursework.OwnEvolutionaryAlgorithm
Training Set Training
Fitness 0.005345588504035332