2.203377887341101,2.3927007095678894,-2.786736215882905,0.2107395716393216,2.405717673087396,2.1275859057149162,2.749352270401068,2.852001740956039,-0.01442491514713247,0.6118566420789061,-1.8799978590520474,1.5648262054736863,1.6979904844503793,0.8313800577809124,3.168965726118482,3.0443517159350812,-1.2582290333339996,-2.2801956702022728,-0.5651503613376438,-0.9458501803961026,1.1267173383961033,1.9335713094640297,1.1739508277199493,-1.0995977490491216,2.162464005644282,1.2753279699941957,0.7589344918045423,2.1945463045402067,0.10978848253263468,2.079468478041686,-2.5024985770286707,2.666684126279931,2.291525913200836,-1.1689592469560337,1.3908385623635857,3.5305422984924384,-0.6697833407439733,1.5234615451921756,-1.7836135953393166
numHidden 	4
numGenes 	39
minGene 	-3.0
maxGene 	3.0
popSize 	150
maxEvaluations 	20000
mutateRate 	0.1
mutateChange 	0.3
seed 	1554114349809
random 	java.util.Random@6576fe71
neuralNetworkClass 	class coursework.OwnEvolutionaryAlgorithm
Training Set Training
Fitness 0.044623621887345664