2.193587794614762,-2.039439003030333,2.484000652606511,1.8136765551478369,3.08879035452075,2.879303027188419,2.514110112939685,0.13358384240879254,2.896200001867081,-1.5025301581198418,1.6850351781972412,1.7778511545559295,0.3627414884157079,1.4875643966044154,0.9543027265820956,0.5928140006904239,2.1488383963468802,-1.9784838272715088,-2.328740176264717,-0.6570003616023654,1.9169108632229261,-0.2608555981122712,0.38823810539083864,1.4583594574064378,2.6333908681233393,-1.304653265852203,1.1846654193336386,-0.0394567857385356,2.3257217895752693,2.8454870850421408,3.452378806611257,-1.8719029985571083,1.5973532378944162,1.7372238888441103,-0.022348652454819762,-0.5530117826635137,-2.1554016213165696,2.473444161366114,0.387487247469346
numHidden 	4
numGenes 	39
minGene 	-3.0
maxGene 	3.0
popSize 	150
maxEvaluations 	20000
mutateRate 	0.1
mutateChange 	0.3
seed 	1554217103112
random 	java.util.Random@6576fe71
neuralNetworkClass 	class coursework.OwnEvolutionaryAlgorithm
Training Set Training
Fitness 0.046683399340825944