1.7423955409725402,1.6373889160428636,-1.4361402460237642,3.98167546211729,-2.5381501467970935,-1.3249926501683609,1.7735637144697476,0.3537090477710251,-2.8493752955126843,3.740448057158286,-1.8700954501584028,2.026364228533511,0.1267092874654818,-1.0624050140738033,4.117728229170516,-1.9958772278314112,0.21398869355604777,-1.0341849408308472,0.8332824656435385,1.145649433386375,-2.328931411314904,0.5035874866925563,-0.2196965515231937,-1.583505060847428,1.951416894410025,2.447771135201243,-1.1361516883363345,2.684398304922502,-1.2389188018202204,1.5719403540113646,0.08762967557577464,0.1856714809013982,3.4512209095316266,0.7925031206832508,-1.767338739744541,1.4146028387746308,1.5509724637141518,1.2676423119167977,-0.021016867409433128
numHidden 	4
numGenes 	39
minGene 	-3.0
maxGene 	3.0
popSize 	150
maxEvaluations 	20000
mutateRate 	0.1
mutateChange 	0.3
seed 	1554566231055
random 	java.util.Random@4d405ef7
neuralNetworkClass 	class coursework.OwnEvolutionaryAlgorithm
Training Set Training
Fitness 0.008323335313190761