2.3651715172935464,0.41245835854188184,-1.893001343926222,-0.4424713385388306,-1.6374614698494216,1.127420162943049,-2.314094244078039,2.409510865918656,3.0476577770444657,-1.5754640820988175,-0.9327111484709716,2.0117593731099164,-1.5836842296426998,2.853974436242445,-3.9802860442959798,3.4056110684389704,-0.8987737784044452,-1.7215513095960855,0.9866510181572252,1.4732706844642864,0.11769074587552687,-0.6537398224702137,-0.14145691273005717,-0.08778656459684903,2.380321818225507,-2.9398931710676846,-3.7294391883009292,0.7420461340561563,2.4758028812229798,0.3693739475837892,-1.006802002133899,1.3830827100229968,-3.0246919233648364,1.4396874830473418,-0.09265883700726174,2.631549986478084,-0.16379837932635538,1.7616920560697884,-0.18997512119516646
numHidden 	4
numGenes 	39
minGene 	-3.0
maxGene 	3.0
popSize 	150
maxEvaluations 	20000
mutateRate 	0.1
mutateChange 	0.3
seed 	1554563173852
random 	java.util.Random@4d405ef7
neuralNetworkClass 	class coursework.OwnEvolutionaryAlgorithm
Training Set Training
Fitness 0.0068116194395171515