-1.4401783822883847,1.8245842949707463,1.7360755862598962,-0.8003359496174589,-3.3439227942930136,-1.8017745800735163,-2.186709050357856,-2.5524591787058117,-3.030598117648301,1.8819837874566687,2.416248646144153,-1.4811371018879402,-3.886832263901908,-0.6723307524771094,-1.7379291416450553,-1.2829166542724009,-2.2418656144916387,-1.7013308105633536,1.6851619221503011,2.088450068537638,-0.3005225273771195,-0.17156703018484437,-0.1432343458810199,-1.0196092530602054,-3.595373104450202,1.3428062618591035,-0.6155372146420122,2.086403546105398,-1.2130766720566384,-2.0576298242105544,1.4441894434760578,-3.0577343460002373,-2.1159519052755513,0.11499251565620044,2.179417325814794,-1.788733087880049,-0.5480292670115805,0.41218968767812647,-2.70418342057463
numHidden 	4
numGenes 	39
minGene 	-3.0
maxGene 	3.0
popSize 	150
maxEvaluations 	20000
mutateRate 	28.960000000000342
mutateChange 	0.3
seed 	1554564766019
random 	java.util.Random@4d405ef7
neuralNetworkClass 	class coursework.OwnEvolutionaryAlgorithm
Training Set Training
Fitness 0.025750503910303264