-1.3590051624841872,-0.45168088800720807,3.010027402993878,0.6302363238528346,0.46041953517877643,-3.148118598490601,-3.1425010313036985,2.847651713714414,4.300491386058271,4.730409877836607,3.2630772602244944,2.306561925120817,1.8918894142075835,-5.4887996183479535,1.866607691869873,4.258054818969603,2.615889758049243,0.20744105999126267,1.2340094780345574,-0.4068328530097126,0.2682221017248265,0.09927505125943815,0.056615926187807836,-0.6767419915760586,1.6689894789706639,-2.329431478415397,1.235618387473176,0.6766503317232953,0.38474899488945413,-2.748481843906975,2.9698301745055167,-2.446447706039657,-1.5736797095482924,2.297914339958772,-1.1234044811380113,3.3504236975557458,0.353154687569744,-0.241521057445442,1.6174060602513034
numHidden 	4
numGenes 	39
minGene 	-3.0
maxGene 	3.0
popSize 	150
maxEvaluations 	20000
mutateRate 	125.44999999999501
mutateChange 	0.3
seed 	1554556952083
random 	java.util.Random@339f21a
neuralNetworkClass 	class coursework.OwnEvolutionaryAlgorithm
Training Set Training
Fitness 0.011415560342226173