-0.3825654803931391,1.8358796708130214,-2.0109783180335556,0.21047405425297924,2.5817945718139916,-3.443884421639183,-1.7049477783774105,2.608796619479806,0.3563507749933436,1.9679785929708473,-2.716259557826392,1.1316790446137146,1.1164798172679382,-3.8512999403571384,-1.9286222648573552,2.0206632443495147,-1.0504950671228495,-0.3930518460477997,-0.6170924082282667,-0.7048672987325942,0.7818482349269943,0.43316048729040196,0.4848029856123041,-0.2250209294187255,0.5667705157103196,-1.839083427815829,1.9477154406209276,-1.1775128130482613,-2.958747019883006,-3.8913472026083187,-4.82846742235861,2.5249985413454565,-1.644218427943894,0.916494243952965,-1.0062618264869567,2.084667833753936,1.5080822480076232,0.6952104065405892,1.0700416512949698
numHidden 	4
numGenes 	39
minGene 	-3.0
maxGene 	3.0
popSize 	150
maxEvaluations 	20000
mutateRate 	242.40000000002087
mutateChange 	0.3
seed 	1554300472719
random 	java.util.Random@4dd50771
neuralNetworkClass 	class coursework.OwnEvolutionaryAlgorithm
Training Set Training
Fitness 0.012421844751380865