0.1525208375505399,-0.9662384477897037,1.4119595757230574,3.0703178176195784,3.270043686034863,1.2671955890073447,2.5863842171331206,-2.110356044825434,-0.0970400238423478,0.8191759027379468,2.6854006878016707,2.5215355675261693,3.4298445149613808,-1.9162838894899465,3.1301989807455386,-1.3871980063343032,-2.6610975832864434,1.6186381569591333,-2.3786237677197692,2.357534301194173,0.5374828095914126,2.1449650423041655,-0.45071798690806436,-0.5929723576213505,2.063789454005569,-1.4505665947736797,2.5113716246281896,-0.07617820233363523,-1.7676106166594523,1.8683856340578657,0.7227687543866606,-3.4509216312350834,2.1333413642959234,4.2426663344452855,0.32132015547518167,-2.9080709143893664,1.5736431958115762,1.0003815077114213,-0.6455107721668911
numHidden 	4
numGenes 	39
minGene 	-3.0
maxGene 	3.0
popSize 	150
maxEvaluations 	20000
mutateRate 	608.3999999999944
mutateChange 	0.3
seed 	1554561726335
random 	java.util.Random@4d405ef7
neuralNetworkClass 	class coursework.OwnEvolutionaryAlgorithm
Training Set Training
Fitness 0.04651357111562187