-3.475674919698524,-2.664751765436584,1.5458329327248075,-0.88729719827169,-0.7516917560549523,3.0237217324699635,2.7916418910414054,-2.294650755781894,-5.658516925712552,0.07432022148073889,-2.329785560969498,-1.2897531705157863,-2.690061124466985,-0.2853763628604108,2.627310409955578,-5.089686389475268,0.5492234522283245,-1.6892068310504524,0.9776512940963816,-0.16975227095556597,-0.08969597863343051,1.514158252169912,-0.8591138792265611,0.5489599521580417,-1.0680979727206938,5.245322949470715,0.5451027208952492,-2.245946817329106,-2.4265760055587786,1.8866612401214837,-0.13269813110276849,-3.0613319764370086,1.601685495928223,-3.735224370081275,2.110224789917383,-3.533289228067424,2.315471643457513,-0.6382249334674812,1.0136584604094412
numHidden 	4
numGenes 	39
minGene 	-3.0
maxGene 	3.0
popSize 	150
maxEvaluations 	20000
mutateRate 	0.1
mutateChange 	0.3
seed 	1554564163478
random 	java.util.Random@4d405ef7
neuralNetworkClass 	class coursework.OwnEvolutionaryAlgorithm
Training Set Training
Fitness 0.007803327627019019