3.635288870055284,-0.918219780858289,-0.6794573900585393,2.0362537594934293,-1.1602955331295384,2.6069356906946948,-2.4377915074017817,-0.8487415410998973,2.9639076296584457,-0.11551911337003551,0.09022254935355589,-2.3130125381339344,-1.5042143200772384,3.9046317649571116,-1.7384414349840498,-3.311100385227867,-1.271876360711608,-1.4808910241426505,0.6418351224917942,4.242188261878662,1.4296192157733014,1.2269674671563382,0.3232463126219127,0.19149613647680597,3.9816414496260055,-1.2492923161187974,1.5821971251129467,0.2573019870361812,0.9123843489287103,3.748900297143125,0.7453863674816803,-1.9342469661606836,-3.686974744002058,-1.5606827114756132,-1.1630894503241238,-0.6714247962241352,0.9565417594744611,3.367640071226119,-2.4807765991761084
numHidden 	4
numGenes 	39
minGene 	-3.0
maxGene 	3.0
popSize 	150
maxEvaluations 	20000
mutateRate 	25.78000000000022
mutateChange 	0.3
seed 	1554644548752
random 	java.util.Random@4d405ef7
neuralNetworkClass 	class coursework.OwnEvolutionaryAlgorithm
Training Set Training
Fitness 0.04259065096859704