3.231156325193324,1.893671662686808,0.34166223720477246,-2.0453633183806423,1.5733600184176466,-1.903130477370102,-0.06887073718425511,1.747196558182547,3.4495562450065127,2.2059843522222757,-2.6176723120441516,1.9731512918469738,1.7202993599508354,-2.9590301803213035,-0.29495199977498815,2.2198963612657954,-1.6121508239979228,0.7044815702227676,0.6782154982508398,-1.8138128852846624,-0.6873248376404326,1.0037208516776197,1.1253642712168226,-1.2421587527377944,0.45857963275155844,-1.10452348086611,4.206967370798351,-2.795209469095143,1.844826817650488,-1.0522477597381898,-1.6717986598176884,0.6921636714116934,-1.2536425483396105,1.989993826487788,1.2826417591413513,0.0018062784424510425,-0.007127810400379235,-0.08977748578463945,1.3341296444310857,-2.1132123306030697,-0.11949326341629504,-1.093584348119444,1.9272815041996216,1.0452506203696825,-2.1388006102191035,2.4573269332441345,-4.360599176407162,2.512922417268339,-3.214973668845089,-0.9796663270036324,-0.7641994594429979,0.2694168026139235,-0.5491246247226698,-2.809599141589116,1.7999826222717632,1.2745086730761594,-0.3691332217618256,-2.3784536271764707,0.9777341661308642,3.1571495333652817,0.7444052100180745,-0.47805106817128334,-1.5031424139150065,0.8720143643756263,0.8556113352306696,0.8935913791509703
numHidden 	7
numGenes 	66
minGene 	-3.0
maxGene 	3.0
popSize 	150
maxEvaluations 	20000
mutateRate 	102.69999999999631
mutateChange 	0.3
seed 	1554662313233
random 	java.util.Random@4d405ef7
neuralNetworkClass 	class coursework.OwnEvolutionaryAlgorithm
Training Set Training
Fitness 0.01178601905327248