-0.7003670565499229,1.8409694508946026,-3.600279561927494,1.540224737209224,2.2022957843383746,3.1798150403001593,-2.64787349569466,-4.108444924016094,0.532488770429129,0.8829457968236512,-4.062195251711742,3.2113367088438505,5.521987247531793,3.2989906819472976,-1.404210141977588,-1.341159490846661,0.6869758932837495,0.6973051087635699,1.4264706326906382,2.0275650273970096,-0.21474381717293212,-2.182709086643418,-0.2911167952734773,0.552375046906717,-0.30523745340307745,1.1900552098740818,3.4705033351329164,2.7016698310713565,1.9788457519715132,1.6809134969390216,-0.0512202929407741,3.6458877668451866,-1.5355694444646244,1.2787311534355545,-0.11167848902875252,-2.151537917508853,1.748197184665834,2.919669374465873,2.7313808719584993
numHidden 	4
numGenes 	39
minGene 	-3.0
maxGene 	3.0
popSize 	150
maxEvaluations 	20000
mutateRate 	646.6499999999596
mutateChange 	0.3
seed 	1554389408725
random 	java.util.Random@6576fe71
neuralNetworkClass 	class coursework.OwnEvolutionaryAlgorithm
Training Set Training
Fitness 0.0076837967645025035