0.16236547012603791,-0.8893129582437831,-2.8787182807618925,-0.8147319532691857,3.6876795865790744,0.5926445926072033,2.2624462844133677,-2.204860044915501,-0.4600572370443264,0.6176611381799774,-2.783639763113756,-2.253397281857001,1.9793113146509198,0.4015176182228083,-1.076333634309276,-2.0632936438983234,0.7272102650728902,-0.42768221040024273,-0.8359882755391401,2.8751012103287943,-2.3818956408944065,-4.2698867839920975,-2.948855850213767,0.36741487817666296,1.0636861074972082,-2.7197586835140077,2.517524126698972,-0.7786421784032574,2.2590826886618673,-1.9638855845267131,-0.2027081608503384,-0.9244028953908187,3.045523093346041,0.04464784491905943,2.7655061247564348,-2.5605365032739082,2.2010428286144643,-0.23886626208070047,3.212482329154169
numHidden 	4
numGenes 	39
minGene 	-3.0
maxGene 	3.0
popSize 	150
maxEvaluations 	20000
mutateRate 	139.94999999999757
mutateChange 	0.3
seed 	1554559714758
random 	java.util.Random@4d405ef7
neuralNetworkClass 	class coursework.OwnEvolutionaryAlgorithm
Training Set Training
Fitness 0.10871600689396578