0.9186337011417773,0.03133308558853143,1.8568696843179564,1.2772716311480754,0.7089540115133937,3.4151646533617286,-0.5475552499394335,-0.8280166407857171,-1.7185338312107667,0.5876314228814993,3.328437356738609,3.781751828523396,0.7157024378125769,4.882386827146594,1.5343743636328593,-2.045637276813199,-1.9059060352770063,0.5841998810033581,1.0811096881450082,-0.5010712528567228,3.347295789456901,-0.24211062652438453,-0.14440178652386662,0.2590345333930935,-0.02866435402462253,-2.3469385132346505,1.3110274694994448,0.6224431161364076,-1.2819581213901048,3.038699918674485,2.6211381318996407,-1.9868309260835182,0.31298105871003973,1.595932910161176,-3.146482357527413,-1.1491142777285874,-0.604498204907117,2.5562677853417815,-0.6457083153041001
numHidden 	4
numGenes 	39
minGene 	-3.0
maxGene 	3.0
popSize 	150
maxEvaluations 	20000
mutateRate 	52.649999999999146
mutateChange 	0.3
seed 	1554390155573
random 	java.util.Random@6576fe71
neuralNetworkClass 	class coursework.OwnEvolutionaryAlgorithm
Training Set Training
Fitness 0.007938531282983295