0.23459198287175392,1.3113008968982254,-0.6626332527612038,-2.019752154879669,3.530910885934601,-2.4257300120379974,1.8442518399614731,-1.1602707546223514,0.5226355078288405,0.18813788126964529,0.814093605128795,-1.5793165878502324,-3.03212464987874,-2.52239645282575,1.4662703426915389,-2.124863732574495,-0.3522557074674536,2.244694748938938,2.0786547370144204,-1.1487263432718502,1.898771240016283,-0.15592542855276753,1.1696772049835618,1.3961767995536807,2.846470213357116,-1.3874501003533493,-0.009930988027449711,2.378754959245771,-0.30566266305264245,-2.49460748732011,-1.7923623839520724,-0.13839185104780077,1.4257410228605352,1.8135165378356957,3.1099306142027747,-3.205602895223994,1.515010627477033,-0.2501136786387588,0.571961850536014
numHidden 	4
numGenes 	39
minGene 	-3.0
maxGene 	3.0
popSize 	150
maxEvaluations 	20000
mutateRate 	0.1
mutateChange 	0.3
seed 	1554215915741
random 	java.util.Random@6576fe71
neuralNetworkClass 	class coursework.OwnEvolutionaryAlgorithm
Training Set Training
Fitness 0.09959690058845859