0.6465029744416677,0.9047908674932849,3.7190836636918454,-1.6303452646342238,-2.618282704461122,-0.3778928171027897,-0.3975307854777486,1.9465230628513797,-3.618285705333168,2.9592046256998144,3.8201057289306304,0.7341943406712754,-0.22350165180703485,-4.888781273904717,0.009369795783093176,-2.4063416547138305,3.0133792527130843,-1.642159396757286,-2.820446476995926,-2.566055009652577,1.8576277077090597,1.0649779602656855,1.334794050091689,2.21387865975563,1.4745705012210182,2.298555683706136,-2.3789617622094514,-1.3051864834853568,0.9176141671463848,2.4181716850504382,-1.8901204371547966,-1.8995152381806748,0.4802510527449301,-0.2922280808165438,2.4192983219813446,-1.3561160323259949,0.23634327020084794,2.099938454720053,0.025341236070103558,-0.15520508258061685,-0.033970190298086275,0.9996891669782467,2.7722867220868928,-1.0783427644331216,2.1925062349189024,0.5468046417456718,1.9470417055960676,-1.1190446674228283,0.31251549096954034,-2.094941201366515,0.4270018055770408,-2.2843378101989993,1.02620173155208,3.3094826092338683,-1.9955023788838333,2.789291540823915,1.0809355842043622,-2.7397680985679296,0.3880122375261833,-0.5189263841161899,0.6443004189077036,-0.5716520663612308,-1.1181806607330782,1.0516215345179356,1.3085718741982966,2.5081382234473866
numHidden 	7
numGenes 	66
minGene 	-3.0
maxGene 	3.0
popSize 	150
maxEvaluations 	20000
mutateRate 	526.0500000000693
mutateChange 	0.3
seed 	1554662207804
random 	java.util.Random@4d405ef7
neuralNetworkClass 	class coursework.OwnEvolutionaryAlgorithm
Training Set Training
Fitness 0.007167311068052853