0.5531216841613054,2.5939351903049346,-0.5506715328485914,0.7919041576273279,-4.423251967947734,1.165589080743135,0.5997261003566423,0.5355955672702242,1.5333412772253379,-0.13506699415278145,-1.7327511571075267,3.4010689145002453,-0.4181992071789023,-1.4812534569540698,-4.681663110554603,0.8641100694439889,2.827997423988652,-0.8834110173378321,-2.7693698940225002,0.04480018160814386,-0.17211834884985663,0.6864891499311884,0.35435788938642265,0.8401761857427488,1.0224468289665227,-2.2650545552047316,-2.43940909880471,0.018423418239574052,-2.107564354673064,0.6480441713705344,-4.0951874315603085,0.6943881197707483,-0.4964391603853048,0.565450941886027,-2.959678898748229,0.1023472135993927,0.886454832372664,2.2802368309141237,-0.8854877820141828
numHidden 	4
numGenes 	39
minGene 	-3.0
maxGene 	3.0
popSize 	150
maxEvaluations 	20000
mutateRate 	20.77000000000003
mutateChange 	0.3
seed 	1554645026692
random 	java.util.Random@4d405ef7
neuralNetworkClass 	class coursework.OwnEvolutionaryAlgorithm
Training Set Training
Fitness 0.014177228667032797