-2.495460597435398,1.3101981329939354,1.8525123323144204,0.6431625914665973,2.1843093134848863,-1.911920157650943,2.1580156256332352,-1.2532722186358667,-3.6358048016319264,2.1140370022502357,2.965769756846484,0.35674407287561377,2.3017598603005904,-0.8257085261967946,2.0352237304294354,0.1651555094576675,-1.733749944332322,2.883904036148933,-0.23512027664826365,1.4128631111786607,-0.21508146628385819,-1.4928521478252312,-0.6466356272543502,2.56027180484097,-2.805572776700288,-0.3608005714118101,2.848062590351669,0.7165747863283727,0.6677021624919197,-1.5323016703724412,0.4883233652760699,-2.683424099211756,1.5021884148973448,1.5716761350678607,-1.816474494279149,-2.1919726490349745,-1.5727159378076137,1.1323506104989032,2.436148946888869
numHidden 	4
numGenes 	39
minGene 	-3.0
maxGene 	3.0
popSize 	150
maxEvaluations 	20000
mutateRate 	0.1
mutateChange 	0.3
seed 	1554216055715
random 	java.util.Random@6576fe71
neuralNetworkClass 	class coursework.OwnEvolutionaryAlgorithm
Training Set Training
Fitness 0.04692299331083815