0.0047088538047704576,-2.995213815929746,0.7497107527502309,-2.6226906770702865,3.8870641191416277,1.5144187888500829,0.5356516452809,3.0133411467087248,2.06469555243598,-3.6408922736885563,0.8066943996956963,-0.2068323868887223,3.6078233890769336,1.559259004480125,0.632731954065552,-1.4596007657604833,-0.034975481578374934,0.5257392525489355,-0.22904016864684223,-1.4608240277253481,-0.03661015042286889,0.23759353995884158,0.6970002323942295,0.5993475252533697,1.860975653082841,-1.1595317753480263,3.383846471040286,-2.537555704334371,3.574909212782179,0.17170429141358895,-0.35508146179841027,0.5919083067079818,-0.7640561811566761,-2.565335157632483,-2.1178524807400767,0.586090856192399,2.1152834098145155,-0.1956486093767842,-0.251957466378028
numHidden 	4
numGenes 	39
minGene 	-3.0
maxGene 	3.0
popSize 	150
maxEvaluations 	20000
mutateRate 	58.39999999999882
mutateChange 	0.3
seed 	1554390656166
random 	java.util.Random@6576fe71
neuralNetworkClass 	class coursework.OwnEvolutionaryAlgorithm
Training Set Training
Fitness 0.010456990990234637