4.069299413485541,-1.6869483070245115,-3.1733973907380575,1.726011782440382,-1.8060662865610388,2.4922446416376967,-1.117199840608198,4.908130306290351,2.059023955368472,-1.3826228336923885,2.929311654487163,1.6549021067900138,-1.5506397217935959,2.518295033867926,1.5572030527782093,4.0453197029698496,1.0119525353219054,-1.5239511392537777,-2.5000485114618307,-2.5074911382873504,0.18097028193003792,-2.149135981346415,-1.5714914426168682,0.30411768870936307,2.237859926661493,-0.4048871591558054,-2.0253783475946223,4.903947520690621,1.8421747753832955,1.990077654915398,-2.0810233018180924,-0.4751162656298945,-1.3419280783365652,0.29730293719676826,-1.727010597216218,2.4477256327021584,2.1663554775594247,1.5238556650808577,1.0051522385143414
numHidden 	4
numGenes 	39
minGene 	-3.0
maxGene 	3.0
popSize 	150
maxEvaluations 	20000
mutateRate 	147.44999999999928
mutateChange 	0.3
seed 	1554647096865
random 	java.util.Random@4d405ef7
neuralNetworkClass 	class coursework.OwnEvolutionaryAlgorithm
Training Set Training
Fitness 0.0509299132011202