-1.7104567502300585,0.28698453815560476,-0.8352128416379785,3.341669063321864,3.5762417661498502,1.1294179285623085,-2.491804852993095,2.070072191642995,-4.552748945265018,2.492784801426535,-1.8214055849390918,4.194293119509198,4.342513033449735,3.150264750216554,-1.9850617820840515,-0.36960117725415675,-0.47867848594960893,0.6111235638211773,0.3998161007434414,-1.861716556001952,0.05870074889997496,-0.5463386480745972,-0.2903399904107142,-0.10651328549452774,-3.066845682646383,0.1302845431590027,1.9415964009243485,3.526325299446765,-0.14094456968396046,0.4934869552702402,-0.3234394280671563,3.6947253210247464,-0.9397218376220802,-0.6506996467234719,-1.9241266009510738,0.7153302995102597,1.8503611388455443,0.6347527252163676,-0.276486293380073
numHidden 	4
numGenes 	39
minGene 	-3.0
maxGene 	3.0
popSize 	150
maxEvaluations 	20000
mutateRate 	0.1
mutateChange 	0.3
seed 	1554562722833
random 	java.util.Random@4d405ef7
neuralNetworkClass 	class coursework.OwnEvolutionaryAlgorithm
Training Set Training
Fitness 0.005342442986607412