-1.650557963691819,-0.9792543225602351,-2.7616163024525613,3.3960886493023392,2.2638525426791087,-0.3705956483824895,-3.5234672614433222,0.5043387688617589,3.1848315664536835,-4.344468304092769,-2.2746378962968685,2.4807424577611155,-0.9577428980874826,2.3285167972364955,-2.917375191387047,0.29735477378237163,1.1046745717740067,0.9937048161347413,1.0911452890479685,-1.415555518880444,-3.9046944231065144,-2.0093849865943536,2.02009946136936,-1.5720174007550043,-2.337301384376586,1.2679327368291076,2.4463913565121462,1.975584752396011,-1.42989752694811,-1.0269441093860914,0.5218138843769453,1.709316870064642,0.28552576517988276,1.5846683702893842,1.7385508212253955,-0.04444753684971331,-0.22963420038894244,0.2317880288238495,0.08433826758784954,3.883552408186353,-0.7194906819747227,-1.5371808503957476,-6.779753766727364,4.060869723905045,-2.225166860539664,-1.70208076333058,-2.0823448883943794,2.127582407480249,1.891218443557445,2.000284167793695,-3.781792573072767,1.385616389712669,-1.2521700839091623,-3.305555090586399,-2.0102067451936323,0.6803628826997858,1.7955468973574515,-1.140968029796148,1.0447268790371136,2.873584674918489,0.476326568659858,2.307955562909043,-0.4935954179181332,0.5448389144321142,1.969477617460905,0.19739440856271526
numHidden 	7
numGenes 	66
minGene 	-3.0
maxGene 	3.0
popSize 	150
maxEvaluations 	20000
mutateRate 	55.44999999999899
mutateChange 	0.3
seed 	1554665154293
random 	java.util.Random@6576fe71
neuralNetworkClass 	class coursework.OwnEvolutionaryAlgorithm
Training Set Training
Fitness 0.011915162387841894