-2.926984069515692,1.540601898914762,2.788200310962849,-1.7139955418229522,-1.7438517224236851,-0.8526320688234031,-4.462343224478191,-1.4837014965546547,-1.6694915811957947,-1.7621223734457427,1.0038733281762393,-1.307398564653618,-0.6002557246527853,2.012662546130265,-1.9316345109582156,-1.57562954220835,1.0461044194549205,2.555747009134704,2.6836282010233905,1.6435753402051887,-0.5860192000444168,-3.750089387387875,-0.43396500835405455,-0.7387897227875693,-1.7764629287710236,2.1835354993797202,-1.3941844842522335,1.0303959068185442,0.3143480194987141,-0.7301836883986048,0.11923816282357252,-1.9357091505474648,-3.4232695985084867,-2.7589907687450443,1.6376986307578703,-1.0966010269239916,1.3555829595675104,1.5339043999253115,-2.3914096240717164
numHidden 	4
numGenes 	39
minGene 	-3.0
maxGene 	3.0
popSize 	150
maxEvaluations 	20000
mutateRate 	216.0100000000074
mutateChange 	0.3
seed 	1554565555408
random 	java.util.Random@4d405ef7
neuralNetworkClass 	class coursework.OwnEvolutionaryAlgorithm
Training Set Training
Fitness 0.0420497196158217