-1.0263868003621883,2.6087365585195315,2.3575100548620016,-4.205366502275335,-0.6924410286859471,2.789737839669714,-2.364742745930812,3.3946311463825434,-0.1925474885663782,3.4738757353202017,2.54044840470936,-1.863372649009135,-2.846293212941717,2.8047737826780477,-3.1108625648193393,1.4244378570714333,3.5611316612067343,1.4298049430094024,1.3718303761591508,-0.3547270968840403,-1.3569039511618022,-1.194816289803203,-1.004311160649662,-0.07892558079519847,0.4071769668749386,-2.284024920224691,-2.062312530543095,3.431107033757252,-1.5981973064087664,1.5996152453692951,-0.9117210318609987,-4.164680525109963,-1.4524610044390371,-2.0085157291224722,1.087817221821253,2.6714156348631195,1.9831346138015475,2.463260414176177,-1.4576940995986853
numHidden 	4
numGenes 	39
minGene 	-3.0
maxGene 	3.0
popSize 	150
maxEvaluations 	20000
mutateRate 	265.6500000000261
mutateChange 	0.3
seed 	1554561455767
random 	java.util.Random@4d405ef7
neuralNetworkClass 	class coursework.OwnEvolutionaryAlgorithm
Training Set Training
Fitness 0.04698414610637649