-2.425147979576634,0.044336169137141695,1.8433240324494737,2.22329555711922,-0.024658178554544205,-4.312987842867094,0.824098140992911,-2.285443228631484,-3.617038843648553,1.4975704096322673,1.8109439146184707,-2.054002146475884,1.5718851654953463,-1.1250039319630727,0.8266362840790238,-1.9706140819344096,0.8346489018897902,4.669449037594514,1.5824494924297252,1.8602069245646855,-0.11841902294129156,-0.4743997884187976,0.295037607293874,0.7238246755686127,-3.2382126763305847,3.5573940694372532,0.10528073780398436,3.1417511239951166,1.505339773746458,-2.3477678743343997,-0.5849832390344027,-1.0774913335961558,0.03939632054975081,1.8443599520402585,0.4458762556028295,-2.3519111728718074,0.06950141478859094,1.4286567740697953,1.0658644178490222
numHidden 	4
numGenes 	39
minGene 	-3.0
maxGene 	3.0
popSize 	150
maxEvaluations 	20000
mutateRate 	144.7600000000047
mutateChange 	0.3
seed 	1554565958434
random 	java.util.Random@4d405ef7
neuralNetworkClass 	class coursework.OwnEvolutionaryAlgorithm
Training Set Training
Fitness 0.04608917052576507