1.162547275596288,-0.03718660023083664,-0.09980088597259665,0.3844157849883309,1.0046233685710553,-3.989732955895444,-0.8086921354771264,-1.1092884757950519,-0.9324284564216658,0.21415585001381385,1.775868049987149,1.2628903802995641,-3.08989536366033,-2.1016803110614277,3.6063112748385695,0.07157300937821634,0.8626982218775504,2.3869652560454564,-0.4555797874128838,1.9780881993337247,2.3635673798764723,0.2569301566925699,-2.608651916429714,2.5219332179784497,-3.0748246389215677,0.23178313448264884,0.22746727297696412,2.0072287427207445,1.4890061365271028,-1.887661319837741,-1.1260169080567723,-2.4722331357239646,2.5302730724947478,2.634535055260083,0.13601661527439948,1.8241795785147144,0.7816010066331671,1.0724474945090012,-0.3437810014600988
numHidden 	4
numGenes 	39
minGene 	-3.0
maxGene 	3.0
popSize 	150
maxEvaluations 	20000
mutateRate 	21.070000000000043
mutateChange 	0.3
seed 	1554645192208
random 	java.util.Random@4d405ef7
neuralNetworkClass 	class coursework.OwnEvolutionaryAlgorithm
Training Set Training
Fitness 0.12419484094042245