2.817127440885381,2.2028651785641626,0.917433210763966,-2.119315852144291,-1.269094345675248,-2.77113720995227,-2.053315463292912,-3.092495976385833,-2.547767721874396,1.9769086270717413,-0.9177236128420149,-1.2064736001439398,1.3871703243841016,-1.9875297789036888,-0.9280176275505786,-3.4818404000700385,-2.0397506618676142,1.1284365885832337,-0.588525789189967,1.2787386683542386,0.20644850844418505,0.4723353832465915,-2.1839765086809044,-0.4531932560326985,-0.1525755665869264,0.21780617148615794,-0.21144720325594876,2.7772325850335497,-2.0861827247747673,-2.6685188121145678,2.052614453804383,-0.42257754054013125,-1.113942143497594,2.2045693181439248,2.698892538493956,-2.9721311499419825,1.6572394749371424,1.4871087277913237,-1.2982588960612458
numHidden 	4
numGenes 	39
minGene 	-3.0
maxGene 	3.0
popSize 	150
maxEvaluations 	20000
mutateRate 	0.1
mutateChange 	0.3
seed 	1554218323223
random 	java.util.Random@6576fe71
neuralNetworkClass 	class coursework.OwnEvolutionaryAlgorithm
Training Set Training
Fitness 0.025543624436244552