-0.23515786658061102,-1.981214526400296,2.729759118045421,2.1063893391849797,-2.466518932658307,2.700526363243104,1.0338516774112227,0.5807606710905725,-0.5069560773890176,-1.2679497574422034,2.2367348851867592,1.0357457845501565,-2.0242840436541174,0.2639358182189909,-2.1082993959124643,2.68110115270608,-0.8847850779101005,-2.0505356880476753,-1.500019539247168,-0.9889496072470605,0.971477522354832,0.22760106470300606,-0.8401665710365376,0.23150964912331168,-2.3463638916542915,-2.4791433252339714,-3.1341829889948367,-3.2612592194369725,-1.7017128282125424,2.0124826271392715,0.44548304852327275,-1.6276216513778528,-1.4701339696451232,2.312589330665292,-1.391361205000277,2.2928656529133216,2.086195526210526,-0.10483542493480963,0.20681147340966366
numHidden 	4
numGenes 	39
minGene 	-3.0
maxGene 	3.0
popSize 	150
maxEvaluations 	20000
mutateRate 	0.1
mutateChange 	0.3
seed 	1554218742214
random 	java.util.Random@6576fe71
neuralNetworkClass 	class coursework.OwnEvolutionaryAlgorithm
Training Set Training
Fitness 0.022192783084183817