-1.5994216101360934,-1.2049195379288247,2.137494209870599,0.26634750509841354,-0.9459894579452399,2.3229890778060502,2.976087131171777,-0.9560117176008751,-2.3662938464056404,0.23358493356211196,-0.008254394166268109,0.7408972436519994,0.7286091697732913,1.4658614967694612,-2.1469722062400787,2.8280295169832037,1.7528414052309447,-1.8107603149817555,-1.3744834180836736,-2.6362097346247997,0.1282206139672058,-0.2031403181135217,-2.3408062460005477,-2.0684423764030417,0.9766267847879823,2.400080450239922,-0.35187375169171226,-3.2911008780048876,0.7550169009258768,2.387030464948573,-1.5550943832283715,1.235825346033711,1.1562036048533588,-1.3123068197751282,-2.2553521793660387,0.7425536341665562,2.26745763010204,-1.3217637025121856,1.5726371899550222
numHidden 	4
numGenes 	39
minGene 	-3.0
maxGene 	3.0
popSize 	150
maxEvaluations 	20000
mutateRate 	0.1
mutateChange 	0.3
seed 	1554114860516
random 	java.util.Random@6576fe71
neuralNetworkClass 	class coursework.OwnEvolutionaryAlgorithm
Training Set Training
Fitness 0.09770093464063316