-0.2965531653966694,-1.062148182101086,0.12439158359984157,2.0097602976037816,-3.1444003165043948,2.4650473814668508,-3.276943677058171,-1.1591036769973584,-0.949811198820321,1.3322280198696212,2.2944379186332635,1.2125739664302002,-3.064425832094933,2.0291253566151743,-1.075150892216463,0.7526561623057348,1.5917917464006814,-1.5031156949930007,2.418913152594415,0.13769320308757485,0.18379885126232445,1.432951214482126,2.605911082360188,0.41259654609289814,1.6047839406940951,-0.5435253480795751,-1.7909370806440892,3.0936589872399227,-1.7784202009396322,1.7199607428528447,1.8703601564878691,1.0838832224846684,-1.6299217730935096,-1.4852083186846035,-3.382345326555788,-0.109298422085379,2.7366777701574523,0.3916981335659731,-0.5057146036155554
numHidden 	4
numGenes 	39
minGene 	-3.0
maxGene 	3.0
popSize 	150
maxEvaluations 	20000
mutateRate 	0.1
mutateChange 	0.3
seed 	1554216388972
random 	java.util.Random@6576fe71
neuralNetworkClass 	class coursework.OwnEvolutionaryAlgorithm
Training Set Training
Fitness 0.09681635102447018