-2.040248020925467,1.3584381385003144,-3.0628245507927288,2.169127747484154,2.010141827022293,1.6769687683878423,-1.2638049606044255,0.5026171665560298,1.1265343576532039,-1.756268065507667,2.66297020710767,1.5597342056397572,2.5573953871495054,1.0287698816681656,1.2645603866583752,2.960131137786187,-2.7882424218618476,1.7077748833737139,-2.1977590865184817,0.8611089545650035,0.4801250116740279,-2.017093320875677,-2.4969265077910103,0.4925325580629525,-0.3823214529160536,0.5214896891237772,2.8627356110630244,-2.527291132788166,1.9378451706380142,2.9326472524620555,-2.859964249993785,-0.3751967365898244,-0.32420791114421654,-2.663380210146431,-3.042037920724768,1.620720537641523,2.522594434739366,2.54664030390477,0.7367714501961
numHidden 	4
numGenes 	39
minGene 	-3.0
maxGene 	3.0
popSize 	150
maxEvaluations 	20000
mutateRate 	0.1
mutateChange 	0.3
seed 	1554116966103
random 	java.util.Random@6576fe71
neuralNetworkClass 	class coursework.OwnEvolutionaryAlgorithm
Training Set Training
Fitness 0.09610479868491903