1.2282403717280088,-1.346066275362419,1.8161068287909559,-0.22025873627491444,-1.6249329576927614,-2.633532574142262,-3.1370600900071004,-0.8541655270519296,1.827459610664614,-1.4185463074956688,1.6472676148079606,-2.065126264163713,-1.8390571598552392,-2.352648802874253,-0.6901328227659556,2.407527983445683,-0.7402164387043569,2.1930314344886788,-0.1262161001030735,-0.2735319450019283,1.4781114516842322,-0.7993859083856945,0.9973161553530417,-0.26715099577858104,1.5600242516908707,-1.2955549804557134,-1.9030247383715264,-1.4633733420383777,-0.6093431401255913,-2.8608116872247997,2.795939498075982,-0.8951348446307487,-0.9720565582431107,-0.1109116628583475,1.1089427010844395,-0.6934809904337187,-0.36529840366173777,1.6788074226989897,0.1687812474753274
numHidden 	4
numGenes 	39
minGene 	-3.0
maxGene 	3.0
popSize 	150
maxEvaluations 	20000
mutateRate 	0.1
mutateChange 	0.3
seed 	1554216973779
random 	java.util.Random@6576fe71
neuralNetworkClass 	class coursework.OwnEvolutionaryAlgorithm
Training Set Training
Fitness 0.020134744777608647