3.7984700423675033,-1.6871211677499018,2.2294275441969535,0.8963711047484401,0.6569203758584876,2.0754214764419365,-2.8773716090956385,2.2106071563896013,1.2980788523002194,0.9234229234484331,1.7076411289697417,-2.0287327306436445,1.4461398445353604,1.0747382029760253,-3.2940846912494894,-1.7798021734206613,-0.34433064220060355,0.0890180079725506,-0.36744788593394434,-2.19086893326328,0.08188104104030794,-0.12334779527059844,0.290212199611832,-0.2611991773112295,3.560466507789807,-0.7131982088256861,1.0889764435591391,-1.6301487227147538,0.6416040582318021,2.4250622352753357,0.1735553312092175,-3.0440023323517185,-1.8929240898208406,-1.9602847945474338,-0.1773223500193776,-0.14475930778158796,-0.9150983738221635,0.34991689332333664,0.3769377865923762
numHidden 	4
numGenes 	39
minGene 	-3.0
maxGene 	3.0
popSize 	150
maxEvaluations 	20000
mutateRate 	28.510000000000325
mutateChange 	0.3
seed 	1554644670201
random 	java.util.Random@4d405ef7
neuralNetworkClass 	class coursework.OwnEvolutionaryAlgorithm
Training Set Random
Fitness 0.010958353119154562