-4.102899857182988,-1.0174443890714153,0.5042637737854402,-4.363456109983075,1.4381863586315318,2.7318133428948155,1.3530090732551419,2.293989037267563,-2.3908929107206927,-0.813360942969048,3.3594239025080026,-1.1843899367985538,0.8904493085169313,2.741999752749834,3.9413723627702355,-3.4264158931605113,-1.2481845552234858,0.6038692721619375,-2.4880791573827796,0.9310036842982856,-0.04081446865354013,-0.9046632303392227,-0.2762912381970726,-0.16153460411697979,-1.9171263597915793,3.9986601315186006,-0.40286347367648306,-1.320866253312722,2.299132696158758,1.6279845523278564,2.8729204388612257,-1.1385689643301056,0.8397436123779987,-2.983778224235178,0.6130194917351344,-0.45902053515902314,3.9639398992431754,0.8052122954866878,1.4872743467797391
numHidden 	4
numGenes 	39
minGene 	-3.0
maxGene 	3.0
popSize 	150
maxEvaluations 	20000
mutateRate 	156.28000000000515
mutateChange 	0.3
seed 	1554645631937
random 	java.util.Random@7b1b4d03
neuralNetworkClass 	class coursework.OwnEvolutionaryAlgorithm
Training Set Training
Fitness 0.024919183343358756