-2.4681267352400136,2.4014730187489666,-0.35358870103112894,1.9560199595308359,3.0361501637499226,3.0766052583589945,-0.4811202830065634,-3.2821947579634543,-0.36279089807271137,-0.6148113400233857,-2.2107364467852735,0.9953343140104427,2.0447428155628082,2.487414616413241,-1.2406963020063244,-2.8224950346166047,1.2989977776070247,-2.2524141490315586,-0.8275454441964876,2.846566384147695,-1.5797252228247902,-0.23857567805148178,0.817848024794728,-0.7803063292114545,-0.8889768819186963,1.3677053488313422,2.040360735142859,1.5903145642290448,1.0681602384810045,1.7498566020900765,-1.7493150969850706,0.7981445998652843,1.1570952403599213,0.6987399803333059,-2.218553229244183,-1.998134766246871,1.9095151894209346,2.442593873291171,-0.2401289332212706
numHidden 	4
numGenes 	39
minGene 	-3.0
maxGene 	3.0
popSize 	150
maxEvaluations 	20000
mutateRate 	0.1
mutateChange 	0.3
seed 	1554217298561
random 	java.util.Random@6576fe71
neuralNetworkClass 	class coursework.OwnEvolutionaryAlgorithm
Training Set Training
Fitness 0.048601783709667924