-1.3959782781962693,2.896027017392019,0.9456626667111124,2.1740484472736137,2.3928066837204782,0.8971150050095036,2.2775349534556337,-3.747269795282392,-2.657169197268097,3.5474476657710547,1.2454450947818074,-0.20321371885490075,1.0540524849041677,-2.0399205851070974,2.2033583198882076,-1.321755775833267,-1.914704889514778,-0.6951219316397765,0.22267226495093195,-1.541170845380975,0.43066036739502744,0.12136496871107491,-0.4535078227871019,0.1479935804600778,-2.375427102208568,1.2003779078385661,2.8212668236882297,1.6302603661496233,-3.5957843068837247,0.487407058257912,2.9553446763935414,1.200186372275935,2.367569235139239,1.128596939388382,-0.932716949746994,-2.0034557198148693,1.879930827374136,-0.3487931504392533,-0.11311771706510282
numHidden 	4
numGenes 	39
minGene 	-3.0
maxGene 	3.0
popSize 	150
maxEvaluations 	20000
mutateRate 	0.1
mutateChange 	0.3
seed 	1554564859937
random 	java.util.Random@4d405ef7
neuralNetworkClass 	class coursework.OwnEvolutionaryAlgorithm
Training Set Training
Fitness 0.0061920524722449835