0.3931570742660753,-4.659055165559304,0.2111775901648357,-0.45189825607508805,-3.228847151302752,0.31330253535457847,2.9967053320219152,2.7819865368647365,-0.48767857755358257,-5.033906797919677,-1.2554197367146183,-0.6553944917689125,-0.7910700829197778,-0.2839407245708552,1.8082682266598595,2.371329747178034,1.5870780642636089,1.6010367215326873,1.7197848377083984,-3.2912323889403226,0.48887181509609373,-0.5269834307809694,2.8632753010240934,-0.6780244501110047,-0.3964727990413341,1.5327562062020725,-3.720676751071539,0.3970544977931281,4.164415417353887,-1.3185897255358194,2.9261887106348534,-0.8399071897921769,0.7629581550099063,0.9255593723664355,0.5756113247789993,2.7170200135450213,3.6367045167167324,2.163101452149237,-0.11015316708036929
numHidden 	4
numGenes 	39
minGene 	-3.0
maxGene 	3.0
popSize 	150
maxEvaluations 	20000
mutateRate 	58.570000000001464
mutateChange 	0.3
seed 	1554564946236
random 	java.util.Random@4d405ef7
neuralNetworkClass 	class coursework.OwnEvolutionaryAlgorithm
Training Set Training
Fitness 0.09752226470104677