2.98805105761675,-3.437451796237473,2.1064071874050523,3.297232693252029,2.8544276442156695,-2.203707538916049,-3.5030760842646735,0.1762245046421856,0.9910943292539842,-2.280031922541718,1.0478384599376958,2.1430918947479665,2.146561569711713,0.4449565464203548,-2.674319663313545,2.9408059332449525,0.22649467304126866,-0.09404330890866539,0.48182352612967516,-0.16627348022437344,-0.40685546610783474,0.813459763771112,0.6131690877510002,0.09925599013346953,1.726053237537328,-1.0753826276772012,3.1226906859553276,-2.008690898086321,2.337286158954952,1.0011945193290939,-0.2209018606754493,-2.208406088620951,-3.4022884396889714,1.544527652110368,-0.016390468170224992,0.4004877940265232,1.7180061620948746,-0.2435181716580815,2.2599465040612543
numHidden 	4
numGenes 	39
minGene 	-3.0
maxGene 	3.0
popSize 	150
maxEvaluations 	20000
mutateRate 	81.59999999999751
mutateChange 	0.3
seed 	1554661799604
random 	java.util.Random@585021c7
neuralNetworkClass 	class coursework.OwnEvolutionaryAlgorithm
Training Set Training
Fitness 0.026800203948341143