2.3286804208182987,-2.831789025884858,0.05757537947011133,1.9641845132765896,1.4961102503220882,1.4825058840259349,4.0420069485909975,2.4878717283460285,2.9592410617533,1.1068030126862862,0.5940771529619024,2.0753684689155425,-1.9306861156872226,3.011563233823397,3.681698376660243,-0.18819930312671784,-3.766798147551783,-2.0975250322677517,0.5554438807139092,0.41114829127651265,0.32352988908154545,0.09200183679604014,-1.0151072289263015,-0.15427857073004636,0.9248534749336191,-2.0981407286765714,0.3189361057769035,-1.7225411101540098,-0.6618823979744635,2.296686475743151,2.115575907137557,-0.6229463700420692,4.1340024620420275,1.1717775369230399,-1.629955009211851,1.487056518540534,-0.3329326242573133,-0.22898290134222649,2.563070029465732
numHidden 	4
numGenes 	39
minGene 	-3.0
maxGene 	3.0
popSize 	150
maxEvaluations 	20000
mutateRate 	178.70000000000638
mutateChange 	0.3
seed 	1554560338414
random 	java.util.Random@4d405ef7
neuralNetworkClass 	class coursework.OwnEvolutionaryAlgorithm
Training Set Training
Fitness 0.014632551719838882