-0.24982160230247075,-4.284676362974256,-3.8408282227370294,-2.084328236372452,-2.1031570408107854,-2.934334945041515,3.695619608368323,-1.6029534269222339,-1.096489225627027,-1.9910893319175533,-2.1301947925077545,-0.6225243833695132,-3.3999353932651886,-2.172466045136146,2.4462374957231843,-0.7099356376707977,0.8122814659140063,1.8148920677265497,-0.7566025167044129,-1.9585993914977298,1.2687828856261323,-0.6280793323801238,-0.34585692903832116,1.2110047044568737,-0.3340489199847287,-0.4721371786880799,-0.37408508672431245,1.3456447354634489,2.5996662272315807,-3.1779858586042553,-3.1901124133552097,1.9393291201710534,3.21800472278713,-0.7646236688865731,-0.9548167215743361,-0.3646363749590885,0.5156929101559239,1.8028201703332885,-0.3257709439286992
numHidden 	4
numGenes 	39
minGene 	-3.0
maxGene 	3.0
popSize 	150
maxEvaluations 	20000
mutateRate 	154.45000000000087
mutateChange 	0.3
seed 	1554646706275
random 	java.util.Random@4d405ef7
neuralNetworkClass 	class coursework.OwnEvolutionaryAlgorithm
Training Set Training
Fitness 0.028195877392157467